Listing of PSF Data

File : C:\Users\Ondrej\Documents\Zemax\Projects\Nutation\Collimator_messing.ZMX
Title: 
Date : 8/17/2020
Configuration 2 of 2

Data Type      : X Section, Center Row
Field          : 0.0000 (deg)
Wavelength     : 0.980000 µm
Pupil grid size: 512 by 512
Image grid size: 1024 by 1024
Values are not normalized.
Position values are in the X direction.

Data	Position		 Value
  0	    -13.00000	     0.006571
  1	    -12.98730	     0.006589
  2	    -12.97461	     0.006607
  3	    -12.96191	     0.006625
  4	    -12.94922	     0.006645
  5	    -12.93652	     0.006665
  6	    -12.92383	     0.006686
  7	    -12.91113	     0.006708
  8	    -12.89844	     0.006731
  9	    -12.88574	     0.006754
 10	    -12.87305	     0.006779
 11	    -12.86035	     0.006804
 12	    -12.84766	     0.006829
 13	    -12.83496	     0.006856
 14	    -12.82227	     0.006884
 15	    -12.80957	     0.006912
 16	    -12.79688	     0.006941
 17	    -12.78418	     0.006971
 18	    -12.77148	     0.007002
 19	    -12.75879	     0.007034
 20	    -12.74609	     0.007066
 21	    -12.73340	     0.007100
 22	    -12.72070	     0.007134
 23	    -12.70801	     0.007169
 24	    -12.69531	     0.007205
 25	    -12.68262	     0.007242
 26	    -12.66992	     0.007280
 27	    -12.65723	     0.007319
 28	    -12.64453	     0.007359
 29	    -12.63184	     0.007399
 30	    -12.61914	     0.007441
 31	    -12.60645	     0.007483
 32	    -12.59375	     0.007527
 33	    -12.58105	     0.007571
 34	    -12.56836	     0.007616
 35	    -12.55566	     0.007662
 36	    -12.54297	     0.007709
 37	    -12.53027	     0.007757
 38	    -12.51758	     0.007806
 39	    -12.50488	     0.007856
 40	    -12.49219	     0.007906
 41	    -12.47949	     0.007957
 42	    -12.46680	     0.008010
 43	    -12.45410	     0.008063
 44	    -12.44141	     0.008117
 45	    -12.42871	     0.008171
 46	    -12.41602	     0.008227
 47	    -12.40332	     0.008283
 48	    -12.39063	     0.008341
 49	    -12.37793	     0.008399
 50	    -12.36523	     0.008457
 51	    -12.35254	     0.008517
 52	    -12.33984	     0.008578
 53	    -12.32715	     0.008639
 54	    -12.31445	     0.008701
 55	    -12.30176	     0.008764
 56	    -12.28906	     0.008827
 57	    -12.27637	     0.008892
 58	    -12.26367	     0.008957
 59	    -12.25098	     0.009023
 60	    -12.23828	     0.009089
 61	    -12.22559	     0.009156
 62	    -12.21289	     0.009225
 63	    -12.20020	     0.009293
 64	    -12.18750	     0.009363
 65	    -12.17480	     0.009433
 66	    -12.16211	     0.009504
 67	    -12.14941	     0.009575
 68	    -12.13672	     0.009647
 69	    -12.12402	     0.009720
 70	    -12.11133	     0.009793
 71	    -12.09863	     0.009867
 72	    -12.08594	     0.009941
 73	    -12.07324	     0.010016
 74	    -12.06055	     0.010092
 75	    -12.04785	     0.010168
 76	    -12.03516	     0.010244
 77	    -12.02246	     0.010321
 78	    -12.00977	     0.010398
 79	    -11.99707	     0.010476
 80	    -11.98438	     0.010554
 81	    -11.97168	     0.010633
 82	    -11.95898	     0.010712
 83	    -11.94629	     0.010791
 84	    -11.93359	     0.010871
 85	    -11.92090	     0.010951
 86	    -11.90820	     0.011031
 87	    -11.89551	     0.011111
 88	    -11.88281	     0.011192
 89	    -11.87012	     0.011273
 90	    -11.85742	     0.011355
 91	    -11.84473	     0.011436
 92	    -11.83203	     0.011518
 93	    -11.81934	     0.011600
 94	    -11.80664	     0.011682
 95	    -11.79395	     0.011764
 96	    -11.78125	     0.011847
 97	    -11.76855	     0.011929
 98	    -11.75586	     0.012012
 99	    -11.74316	     0.012095
100	    -11.73047	     0.012177
101	    -11.71777	     0.012260
102	    -11.70508	     0.012343
103	    -11.69238	     0.012425
104	    -11.67969	     0.012508
105	    -11.66699	     0.012590
106	    -11.65430	     0.012673
107	    -11.64160	     0.012755
108	    -11.62891	     0.012837
109	    -11.61621	     0.012919
110	    -11.60352	     0.013001
111	    -11.59082	     0.013082
112	    -11.57813	     0.013164
113	    -11.56543	     0.013245
114	    -11.55273	     0.013326
115	    -11.54004	     0.013406
116	    -11.52734	     0.013487
117	    -11.51465	     0.013566
118	    -11.50195	     0.013646
119	    -11.48926	     0.013725
120	    -11.47656	     0.013804
121	    -11.46387	     0.013882
122	    -11.45117	     0.013960
123	    -11.43848	     0.014038
124	    -11.42578	     0.014115
125	    -11.41309	     0.014191
126	    -11.40039	     0.014267
127	    -11.38770	     0.014343
128	    -11.37500	     0.014417
129	    -11.36230	     0.014492
130	    -11.34961	     0.014566
131	    -11.33691	     0.014639
132	    -11.32422	     0.014711
133	    -11.31152	     0.014783
134	    -11.29883	     0.014854
135	    -11.28613	     0.014925
136	    -11.27344	     0.014995
137	    -11.26074	     0.015064
138	    -11.24805	     0.015133
139	    -11.23535	     0.015201
140	    -11.22266	     0.015268
141	    -11.20996	     0.015334
142	    -11.19727	     0.015400
143	    -11.18457	     0.015464
144	    -11.17188	     0.015528
145	    -11.15918	     0.015591
146	    -11.14648	     0.015654
147	    -11.13379	     0.015715
148	    -11.12109	     0.015776
149	    -11.10840	     0.015836
150	    -11.09570	     0.015894
151	    -11.08301	     0.015952
152	    -11.07031	     0.016009
153	    -11.05762	     0.016065
154	    -11.04492	     0.016121
155	    -11.03223	     0.016175
156	    -11.01953	     0.016228
157	    -11.00684	     0.016280
158	    -10.99414	     0.016331
159	    -10.98145	     0.016381
160	    -10.96875	     0.016431
161	    -10.95605	     0.016479
162	    -10.94336	     0.016526
163	    -10.93066	     0.016573
164	    -10.91797	     0.016618
165	    -10.90527	     0.016662
166	    -10.89258	     0.016706
167	    -10.87988	     0.016748
168	    -10.86719	     0.016789
169	    -10.85449	     0.016830
170	    -10.84180	     0.016869
171	    -10.82910	     0.016908
172	    -10.81641	     0.016945
173	    -10.80371	     0.016981
174	    -10.79102	     0.017017
175	    -10.77832	     0.017051
176	    -10.76563	     0.017084
177	    -10.75293	     0.017117
178	    -10.74023	     0.017148
179	    -10.72754	     0.017179
180	    -10.71484	     0.017208
181	    -10.70215	     0.017236
182	    -10.68945	     0.017263
183	    -10.67676	     0.017290
184	    -10.66406	     0.017315
185	    -10.65137	     0.017339
186	    -10.63867	     0.017362
187	    -10.62598	     0.017385
188	    -10.61328	     0.017406
189	    -10.60059	     0.017426
190	    -10.58789	     0.017445
191	    -10.57520	     0.017464
192	    -10.56250	     0.017481
193	    -10.54980	     0.017498
194	    -10.53711	     0.017513
195	    -10.52441	     0.017528
196	    -10.51172	     0.017542
197	    -10.49902	     0.017555
198	    -10.48633	     0.017567
199	    -10.47363	     0.017578
200	    -10.46094	     0.017589
201	    -10.44824	     0.017598
202	    -10.43555	     0.017607
203	    -10.42285	     0.017615
204	    -10.41016	     0.017623
205	    -10.39746	     0.017629
206	    -10.38477	     0.017635
207	    -10.37207	     0.017640
208	    -10.35938	     0.017645
209	    -10.34668	     0.017649
210	    -10.33398	     0.017652
211	    -10.32129	     0.017654
212	    -10.30859	     0.017656
213	    -10.29590	     0.017658
214	    -10.28320	     0.017658
215	    -10.27051	     0.017658
216	    -10.25781	     0.017658
217	    -10.24512	     0.017657
218	    -10.23242	     0.017655
219	    -10.21973	     0.017653
220	    -10.20703	     0.017650
221	    -10.19434	     0.017647
222	    -10.18164	     0.017644
223	    -10.16895	     0.017640
224	    -10.15625	     0.017635
225	    -10.14355	     0.017631
226	    -10.13086	     0.017626
227	    -10.11816	     0.017621
228	    -10.10547	     0.017615
229	    -10.09277	     0.017609
230	    -10.08008	     0.017603
231	    -10.06738	     0.017597
232	    -10.05469	     0.017590
233	    -10.04199	     0.017584
234	    -10.02930	     0.017577
235	    -10.01660	     0.017570
236	    -10.00391	     0.017564
237	     -9.99121	     0.017557
238	     -9.97852	     0.017550
239	     -9.96582	     0.017543
240	     -9.95313	     0.017536
241	     -9.94043	     0.017529
242	     -9.92773	     0.017523
243	     -9.91504	     0.017516
244	     -9.90234	     0.017510
245	     -9.88965	     0.017503
246	     -9.87695	     0.017497
247	     -9.86426	     0.017491
248	     -9.85156	     0.017486
249	     -9.83887	     0.017480
250	     -9.82617	     0.017475
251	     -9.81348	     0.017470
252	     -9.80078	     0.017466
253	     -9.78809	     0.017462
254	     -9.77539	     0.017458
255	     -9.76270	     0.017455
256	     -9.75000	     0.017452
257	     -9.73730	     0.017449
258	     -9.72461	     0.017448
259	     -9.71191	     0.017446
260	     -9.69922	     0.017445
261	     -9.68652	     0.017445
262	     -9.67383	     0.017446
263	     -9.66113	     0.017447
264	     -9.64844	     0.017448
265	     -9.63574	     0.017451
266	     -9.62305	     0.017454
267	     -9.61035	     0.017457
268	     -9.59766	     0.017462
269	     -9.58496	     0.017467
270	     -9.57227	     0.017473
271	     -9.55957	     0.017480
272	     -9.54688	     0.017488
273	     -9.53418	     0.017496
274	     -9.52148	     0.017506
275	     -9.50879	     0.017517
276	     -9.49609	     0.017528
277	     -9.48340	     0.017540
278	     -9.47070	     0.017554
279	     -9.45801	     0.017568
280	     -9.44531	     0.017584
281	     -9.43262	     0.017600
282	     -9.41992	     0.017618
283	     -9.40723	     0.017637
284	     -9.39453	     0.017656
285	     -9.38184	     0.017677
286	     -9.36914	     0.017699
287	     -9.35645	     0.017723
288	     -9.34375	     0.017747
289	     -9.33105	     0.017772
290	     -9.31836	     0.017799
291	     -9.30566	     0.017827
292	     -9.29297	     0.017856
293	     -9.28027	     0.017886
294	     -9.26758	     0.017918
295	     -9.25488	     0.017950
296	     -9.24219	     0.017984
297	     -9.22949	     0.018019
298	     -9.21680	     0.018056
299	     -9.20410	     0.018094
300	     -9.19141	     0.018133
301	     -9.17871	     0.018173
302	     -9.16602	     0.018215
303	     -9.15332	     0.018258
304	     -9.14063	     0.018303
305	     -9.12793	     0.018348
306	     -9.11523	     0.018396
307	     -9.10254	     0.018444
308	     -9.08984	     0.018494
309	     -9.07715	     0.018546
310	     -9.06445	     0.018599
311	     -9.05176	     0.018653
312	     -9.03906	     0.018709
313	     -9.02637	     0.018766
314	     -9.01367	     0.018824
315	     -9.00098	     0.018884
316	     -8.98828	     0.018945
317	     -8.97559	     0.019008
318	     -8.96289	     0.019072
319	     -8.95020	     0.019137
320	     -8.93750	     0.019204
321	     -8.92480	     0.019272
322	     -8.91211	     0.019342
323	     -8.89941	     0.019413
324	     -8.88672	     0.019485
325	     -8.87402	     0.019558
326	     -8.86133	     0.019633
327	     -8.84863	     0.019709
328	     -8.83594	     0.019786
329	     -8.82324	     0.019865
330	     -8.81055	     0.019945
331	     -8.79785	     0.020026
332	     -8.78516	     0.020108
333	     -8.77246	     0.020192
334	     -8.75977	     0.020277
335	     -8.74707	     0.020363
336	     -8.73438	     0.020451
337	     -8.72168	     0.020539
338	     -8.70898	     0.020629
339	     -8.69629	     0.020720
340	     -8.68359	     0.020813
341	     -8.67090	     0.020906
342	     -8.65820	     0.021001
343	     -8.64551	     0.021097
344	     -8.63281	     0.021194
345	     -8.62012	     0.021292
346	     -8.60742	     0.021391
347	     -8.59473	     0.021491
348	     -8.58203	     0.021592
349	     -8.56934	     0.021694
350	     -8.55664	     0.021797
351	     -8.54395	     0.021901
352	     -8.53125	     0.022006
353	     -8.51855	     0.022112
354	     -8.50586	     0.022219
355	     -8.49316	     0.022326
356	     -8.48047	     0.022434
357	     -8.46777	     0.022543
358	     -8.45508	     0.022653
359	     -8.44238	     0.022763
360	     -8.42969	     0.022874
361	     -8.41699	     0.022986
362	     -8.40430	     0.023099
363	     -8.39160	     0.023212
364	     -8.37891	     0.023325
365	     -8.36621	     0.023439
366	     -8.35352	     0.023554
367	     -8.34082	     0.023669
368	     -8.32813	     0.023784
369	     -8.31543	     0.023901
370	     -8.30273	     0.024017
371	     -8.29004	     0.024134
372	     -8.27734	     0.024251
373	     -8.26465	     0.024368
374	     -8.25195	     0.024486
375	     -8.23926	     0.024604
376	     -8.22656	     0.024722
377	     -8.21387	     0.024841
378	     -8.20117	     0.024959
379	     -8.18848	     0.025078
380	     -8.17578	     0.025196
381	     -8.16309	     0.025315
382	     -8.15039	     0.025434
383	     -8.13770	     0.025552
384	     -8.12500	     0.025671
385	     -8.11230	     0.025789
386	     -8.09961	     0.025907
387	     -8.08691	     0.026025
388	     -8.07422	     0.026143
389	     -8.06152	     0.026261
390	     -8.04883	     0.026378
391	     -8.03613	     0.026495
392	     -8.02344	     0.026611
393	     -8.01074	     0.026727
394	     -7.99805	     0.026843
395	     -7.98535	     0.026958
396	     -7.97266	     0.027072
397	     -7.95996	     0.027186
398	     -7.94727	     0.027299
399	     -7.93457	     0.027412
400	     -7.92188	     0.027524
401	     -7.90918	     0.027635
402	     -7.89648	     0.027746
403	     -7.88379	     0.027855
404	     -7.87109	     0.027964
405	     -7.85840	     0.028072
406	     -7.84570	     0.028179
407	     -7.83301	     0.028285
408	     -7.82031	     0.028390
409	     -7.80762	     0.028495
410	     -7.79492	     0.028598
411	     -7.78223	     0.028700
412	     -7.76953	     0.028801
413	     -7.75684	     0.028901
414	     -7.74414	     0.028999
415	     -7.73145	     0.029097
416	     -7.71875	     0.029193
417	     -7.70605	     0.029288
418	     -7.69336	     0.029382
419	     -7.68066	     0.029474
420	     -7.66797	     0.029565
421	     -7.65527	     0.029655
422	     -7.64258	     0.029743
423	     -7.62988	     0.029830
424	     -7.61719	     0.029915
425	     -7.60449	     0.029999
426	     -7.59180	     0.030081
427	     -7.57910	     0.030162
428	     -7.56641	     0.030241
429	     -7.55371	     0.030319
430	     -7.54102	     0.030394
431	     -7.52832	     0.030468
432	     -7.51563	     0.030541
433	     -7.50293	     0.030611
434	     -7.49023	     0.030680
435	     -7.47754	     0.030747
436	     -7.46484	     0.030812
437	     -7.45215	     0.030875
438	     -7.43945	     0.030936
439	     -7.42676	     0.030995
440	     -7.41406	     0.031053
441	     -7.40137	     0.031108
442	     -7.38867	     0.031162
443	     -7.37598	     0.031214
444	     -7.36328	     0.031264
445	     -7.35059	     0.031311
446	     -7.33789	     0.031357
447	     -7.32520	     0.031401
448	     -7.31250	     0.031443
449	     -7.29980	     0.031482
450	     -7.28711	     0.031520
451	     -7.27441	     0.031556
452	     -7.26172	     0.031589
453	     -7.24902	     0.031621
454	     -7.23633	     0.031650
455	     -7.22363	     0.031677
456	     -7.21094	     0.031702
457	     -7.19824	     0.031725
458	     -7.18555	     0.031746
459	     -7.17285	     0.031765
460	     -7.16016	     0.031781
461	     -7.14746	     0.031796
462	     -7.13477	     0.031808
463	     -7.12207	     0.031818
464	     -7.10938	     0.031825
465	     -7.09668	     0.031830
466	     -7.08398	     0.031833
467	     -7.07129	     0.031834
468	     -7.05859	     0.031833
469	     -7.04590	     0.031829
470	     -7.03320	     0.031823
471	     -7.02051	     0.031815
472	     -7.00781	     0.031805
473	     -6.99512	     0.031792
474	     -6.98242	     0.031778
475	     -6.96973	     0.031761
476	     -6.95703	     0.031742
477	     -6.94434	     0.031721
478	     -6.93164	     0.031698
479	     -6.91895	     0.031672
480	     -6.90625	     0.031645
481	     -6.89355	     0.031615
482	     -6.88086	     0.031583
483	     -6.86816	     0.031550
484	     -6.85547	     0.031514
485	     -6.84277	     0.031476
486	     -6.83008	     0.031436
487	     -6.81738	     0.031394
488	     -6.80469	     0.031350
489	     -6.79199	     0.031303
490	     -6.77930	     0.031255
491	     -6.76660	     0.031205
492	     -6.75391	     0.031153
493	     -6.74121	     0.031099
494	     -6.72852	     0.031043
495	     -6.71582	     0.030985
496	     -6.70313	     0.030925
497	     -6.69043	     0.030863
498	     -6.67773	     0.030799
499	     -6.66504	     0.030733
500	     -6.65234	     0.030665
501	     -6.63965	     0.030596
502	     -6.62695	     0.030525
503	     -6.61426	     0.030452
504	     -6.60156	     0.030377
505	     -6.58887	     0.030301
506	     -6.57617	     0.030223
507	     -6.56348	     0.030143
508	     -6.55078	     0.030062
509	     -6.53809	     0.029979
510	     -6.52539	     0.029894
511	     -6.51270	     0.029809
512	     -6.50000	     0.029721
513	     -6.48730	     0.029632
514	     -6.47461	     0.029542
515	     -6.46191	     0.029450
516	     -6.44922	     0.029357
517	     -6.43652	     0.029263
518	     -6.42383	     0.029167
519	     -6.41113	     0.029070
520	     -6.39844	     0.028972
521	     -6.38574	     0.028873
522	     -6.37305	     0.028772
523	     -6.36035	     0.028671
524	     -6.34766	     0.028568
525	     -6.33496	     0.028464
526	     -6.32227	     0.028359
527	     -6.30957	     0.028253
528	     -6.29688	     0.028146
529	     -6.28418	     0.028038
530	     -6.27148	     0.027929
531	     -6.25879	     0.027819
532	     -6.24609	     0.027709
533	     -6.23340	     0.027597
534	     -6.22070	     0.027485
535	     -6.20801	     0.027372
536	     -6.19531	     0.027259
537	     -6.18262	     0.027144
538	     -6.16992	     0.027030
539	     -6.15723	     0.026914
540	     -6.14453	     0.026798
541	     -6.13184	     0.026682
542	     -6.11914	     0.026565
543	     -6.10645	     0.026447
544	     -6.09375	     0.026330
545	     -6.08105	     0.026212
546	     -6.06836	     0.026093
547	     -6.05566	     0.025974
548	     -6.04297	     0.025855
549	     -6.03027	     0.025736
550	     -6.01758	     0.025617
551	     -6.00488	     0.025498
552	     -5.99219	     0.025378
553	     -5.97949	     0.025259
554	     -5.96680	     0.025139
555	     -5.95410	     0.025020
556	     -5.94141	     0.024900
557	     -5.92871	     0.024781
558	     -5.91602	     0.024662
559	     -5.90332	     0.024543
560	     -5.89063	     0.024424
561	     -5.87793	     0.024305
562	     -5.86523	     0.024187
563	     -5.85254	     0.024069
564	     -5.83984	     0.023951
565	     -5.82715	     0.023834
566	     -5.81445	     0.023717
567	     -5.80176	     0.023601
568	     -5.78906	     0.023485
569	     -5.77637	     0.023369
570	     -5.76367	     0.023254
571	     -5.75098	     0.023140
572	     -5.73828	     0.023026
573	     -5.72559	     0.022912
574	     -5.71289	     0.022800
575	     -5.70020	     0.022688
576	     -5.68750	     0.022576
577	     -5.67480	     0.022466
578	     -5.66211	     0.022356
579	     -5.64941	     0.022247
580	     -5.63672	     0.022138
581	     -5.62402	     0.022031
582	     -5.61133	     0.021925
583	     -5.59863	     0.021819
584	     -5.58594	     0.021714
585	     -5.57324	     0.021610
586	     -5.56055	     0.021508
587	     -5.54785	     0.021406
588	     -5.53516	     0.021305
589	     -5.52246	     0.021206
590	     -5.50977	     0.021107
591	     -5.49707	     0.021010
592	     -5.48438	     0.020914
593	     -5.47168	     0.020819
594	     -5.45898	     0.020725
595	     -5.44629	     0.020632
596	     -5.43359	     0.020541
597	     -5.42090	     0.020450
598	     -5.40820	     0.020361
599	     -5.39551	     0.020273
600	     -5.38281	     0.020186
601	     -5.37012	     0.020101
602	     -5.35742	     0.020017
603	     -5.34473	     0.019934
604	     -5.33203	     0.019852
605	     -5.31934	     0.019771
606	     -5.30664	     0.019692
607	     -5.29395	     0.019614
608	     -5.28125	     0.019538
609	     -5.26855	     0.019463
610	     -5.25586	     0.019389
611	     -5.24316	     0.019316
612	     -5.23047	     0.019245
613	     -5.21777	     0.019175
614	     -5.20508	     0.019107
615	     -5.19238	     0.019040
616	     -5.17969	     0.018974
617	     -5.16699	     0.018910
618	     -5.15430	     0.018847
619	     -5.14160	     0.018785
620	     -5.12891	     0.018725
621	     -5.11621	     0.018667
622	     -5.10352	     0.018610
623	     -5.09082	     0.018554
624	     -5.07813	     0.018500
625	     -5.06543	     0.018447
626	     -5.05273	     0.018396
627	     -5.04004	     0.018346
628	     -5.02734	     0.018297
629	     -5.01465	     0.018250
630	     -5.00195	     0.018204
631	     -4.98926	     0.018160
632	     -4.97656	     0.018116
633	     -4.96387	     0.018074
634	     -4.95117	     0.018034
635	     -4.93848	     0.017995
636	     -4.92578	     0.017957
637	     -4.91309	     0.017920
638	     -4.90039	     0.017885
639	     -4.88770	     0.017850
640	     -4.87500	     0.017818
641	     -4.86230	     0.017786
642	     -4.84961	     0.017756
643	     -4.83691	     0.017726
644	     -4.82422	     0.017699
645	     -4.81152	     0.017672
646	     -4.79883	     0.017646
647	     -4.78613	     0.017622
648	     -4.77344	     0.017599
649	     -4.76074	     0.017577
650	     -4.74805	     0.017556
651	     -4.73535	     0.017536
652	     -4.72266	     0.017518
653	     -4.70996	     0.017500
654	     -4.69727	     0.017484
655	     -4.68457	     0.017468
656	     -4.67188	     0.017454
657	     -4.65918	     0.017441
658	     -4.64648	     0.017428
659	     -4.63379	     0.017417
660	     -4.62109	     0.017407
661	     -4.60840	     0.017397
662	     -4.59570	     0.017389
663	     -4.58301	     0.017381
664	     -4.57031	     0.017374
665	     -4.55762	     0.017368
666	     -4.54492	     0.017363
667	     -4.53223	     0.017358
668	     -4.51953	     0.017355
669	     -4.50684	     0.017352
670	     -4.49414	     0.017349
671	     -4.48145	     0.017348
672	     -4.46875	     0.017347
673	     -4.45605	     0.017346
674	     -4.44336	     0.017347
675	     -4.43066	     0.017347
676	     -4.41797	     0.017349
677	     -4.40527	     0.017351
678	     -4.39258	     0.017353
679	     -4.37988	     0.017356
680	     -4.36719	     0.017360
681	     -4.35449	     0.017363
682	     -4.34180	     0.017368
683	     -4.32910	     0.017372
684	     -4.31641	     0.017377
685	     -4.30371	     0.017383
686	     -4.29102	     0.017388
687	     -4.27832	     0.017394
688	     -4.26563	     0.017400
689	     -4.25293	     0.017407
690	     -4.24023	     0.017414
691	     -4.22754	     0.017420
692	     -4.21484	     0.017427
693	     -4.20215	     0.017435
694	     -4.18945	     0.017442
695	     -4.17676	     0.017449
696	     -4.16406	     0.017457
697	     -4.15137	     0.017464
698	     -4.13867	     0.017472
699	     -4.12598	     0.017480
700	     -4.11328	     0.017487
701	     -4.10059	     0.017495
702	     -4.08789	     0.017502
703	     -4.07520	     0.017510
704	     -4.06250	     0.017517
705	     -4.04980	     0.017524
706	     -4.03711	     0.017531
707	     -4.02441	     0.017538
708	     -4.01172	     0.017544
709	     -3.99902	     0.017551
710	     -3.98633	     0.017557
711	     -3.97363	     0.017562
712	     -3.96094	     0.017568
713	     -3.94824	     0.017573
714	     -3.93555	     0.017578
715	     -3.92285	     0.017582
716	     -3.91016	     0.017586
717	     -3.89746	     0.017590
718	     -3.88477	     0.017593
719	     -3.87207	     0.017596
720	     -3.85938	     0.017598
721	     -3.84668	     0.017600
722	     -3.83398	     0.017602
723	     -3.82129	     0.017603
724	     -3.80859	     0.017603
725	     -3.79590	     0.017604
726	     -3.78320	     0.017603
727	     -3.77051	     0.017602
728	     -3.75781	     0.017601
729	     -3.74512	     0.017599
730	     -3.73242	     0.017597
731	     -3.71973	     0.017594
732	     -3.70703	     0.017590
733	     -3.69434	     0.017586
734	     -3.68164	     0.017581
735	     -3.66895	     0.017576
736	     -3.65625	     0.017570
737	     -3.64355	     0.017564
738	     -3.63086	     0.017557
739	     -3.61816	     0.017549
740	     -3.60547	     0.017540
741	     -3.59277	     0.017531
742	     -3.58008	     0.017522
743	     -3.56738	     0.017511
744	     -3.55469	     0.017500
745	     -3.54199	     0.017488
746	     -3.52930	     0.017476
747	     -3.51660	     0.017463
748	     -3.50391	     0.017449
749	     -3.49121	     0.017434
750	     -3.47852	     0.017419
751	     -3.46582	     0.017403
752	     -3.45313	     0.017387
753	     -3.44043	     0.017370
754	     -3.42773	     0.017352
755	     -3.41504	     0.017334
756	     -3.40234	     0.017315
757	     -3.38965	     0.017295
758	     -3.37695	     0.017275
759	     -3.36426	     0.017254
760	     -3.35156	     0.017233
761	     -3.33887	     0.017211
762	     -3.32617	     0.017188
763	     -3.31348	     0.017165
764	     -3.30078	     0.017141
765	     -3.28809	     0.017117
766	     -3.27539	     0.017092
767	     -3.26270	     0.017067
768	     -3.25000	     0.017041
769	     -3.23730	     0.017015
770	     -3.22461	     0.016988
771	     -3.21191	     0.016961
772	     -3.19922	     0.016933
773	     -3.18652	     0.016905
774	     -3.17383	     0.016876
775	     -3.16113	     0.016847
776	     -3.14844	     0.016817
777	     -3.13574	     0.016787
778	     -3.12305	     0.016756
779	     -3.11035	     0.016725
780	     -3.09766	     0.016694
781	     -3.08496	     0.016662
782	     -3.07227	     0.016630
783	     -3.05957	     0.016598
784	     -3.04688	     0.016565
785	     -3.03418	     0.016532
786	     -3.02148	     0.016499
787	     -3.00879	     0.016466
788	     -2.99609	     0.016432
789	     -2.98340	     0.016398
790	     -2.97070	     0.016365
791	     -2.95801	     0.016331
792	     -2.94531	     0.016297
793	     -2.93262	     0.016262
794	     -2.91992	     0.016228
795	     -2.90723	     0.016194
796	     -2.89453	     0.016160
797	     -2.88184	     0.016125
798	     -2.86914	     0.016091
799	     -2.85645	     0.016057
800	     -2.84375	     0.016023
801	     -2.83105	     0.015989
802	     -2.81836	     0.015955
803	     -2.80566	     0.015921
804	     -2.79297	     0.015888
805	     -2.78027	     0.015854
806	     -2.76758	     0.015821
807	     -2.75488	     0.015788
808	     -2.74219	     0.015756
809	     -2.72949	     0.015723
810	     -2.71680	     0.015691
811	     -2.70410	     0.015660
812	     -2.69141	     0.015628
813	     -2.67871	     0.015597
814	     -2.66602	     0.015567
815	     -2.65332	     0.015537
816	     -2.64063	     0.015507
817	     -2.62793	     0.015478
818	     -2.61523	     0.015449
819	     -2.60254	     0.015421
820	     -2.58984	     0.015394
821	     -2.57715	     0.015367
822	     -2.56445	     0.015340
823	     -2.55176	     0.015315
824	     -2.53906	     0.015290
825	     -2.52637	     0.015266
826	     -2.51367	     0.015242
827	     -2.50098	     0.015219
828	     -2.48828	     0.015197
829	     -2.47559	     0.015176
830	     -2.46289	     0.015155
831	     -2.45020	     0.015136
832	     -2.43750	     0.015117
833	     -2.42480	     0.015099
834	     -2.41211	     0.015083
835	     -2.39941	     0.015067
836	     -2.38672	     0.015052
837	     -2.37402	     0.015038
838	     -2.36133	     0.015025
839	     -2.34863	     0.015013
840	     -2.33594	     0.015002
841	     -2.32324	     0.014992
842	     -2.31055	     0.014984
843	     -2.29785	     0.014976
844	     -2.28516	     0.014970
845	     -2.27246	     0.014965
846	     -2.25977	     0.014960
847	     -2.24707	     0.014958
848	     -2.23438	     0.014956
849	     -2.22168	     0.014955
850	     -2.20898	     0.014956
851	     -2.19629	     0.014958
852	     -2.18359	     0.014961
853	     -2.17090	     0.014965
854	     -2.15820	     0.014971
855	     -2.14551	     0.014977
856	     -2.13281	     0.014986
857	     -2.12012	     0.014995
858	     -2.10742	     0.015006
859	     -2.09473	     0.015018
860	     -2.08203	     0.015031
861	     -2.06934	     0.015046
862	     -2.05664	     0.015062
863	     -2.04395	     0.015080
864	     -2.03125	     0.015099
865	     -2.01855	     0.015119
866	     -2.00586	     0.015141
867	     -1.99316	     0.015164
868	     -1.98047	     0.015189
869	     -1.96777	     0.015215
870	     -1.95508	     0.015243
871	     -1.94238	     0.015272
872	     -1.92969	     0.015303
873	     -1.91699	     0.015335
874	     -1.90430	     0.015368
875	     -1.89160	     0.015403
876	     -1.87891	     0.015440
877	     -1.86621	     0.015478
878	     -1.85352	     0.015517
879	     -1.84082	     0.015558
880	     -1.82813	     0.015600
881	     -1.81543	     0.015643
882	     -1.80273	     0.015688
883	     -1.79004	     0.015735
884	     -1.77734	     0.015782
885	     -1.76465	     0.015831
886	     -1.75195	     0.015882
887	     -1.73926	     0.015934
888	     -1.72656	     0.015987
889	     -1.71387	     0.016042
890	     -1.70117	     0.016098
891	     -1.68848	     0.016155
892	     -1.67578	     0.016214
893	     -1.66309	     0.016274
894	     -1.65039	     0.016335
895	     -1.63770	     0.016398
896	     -1.62500	     0.016462
897	     -1.61230	     0.016527
898	     -1.59961	     0.016593
899	     -1.58691	     0.016661
900	     -1.57422	     0.016730
901	     -1.56152	     0.016801
902	     -1.54883	     0.016873
903	     -1.53613	     0.016945
904	     -1.52344	     0.017020
905	     -1.51074	     0.017095
906	     -1.49805	     0.017171
907	     -1.48535	     0.017249
908	     -1.47266	     0.017327
909	     -1.45996	     0.017407
910	     -1.44727	     0.017488
911	     -1.43457	     0.017570
912	     -1.42188	     0.017652
913	     -1.40918	     0.017736
914	     -1.39648	     0.017821
915	     -1.38379	     0.017906
916	     -1.37109	     0.017992
917	     -1.35840	     0.018080
918	     -1.34570	     0.018168
919	     -1.33301	     0.018257
920	     -1.32031	     0.018346
921	     -1.30762	     0.018437
922	     -1.29492	     0.018528
923	     -1.28223	     0.018620
924	     -1.26953	     0.018712
925	     -1.25684	     0.018805
926	     -1.24414	     0.018899
927	     -1.23145	     0.018993
928	     -1.21875	     0.019088
929	     -1.20605	     0.019183
930	     -1.19336	     0.019279
931	     -1.18066	     0.019376
932	     -1.16797	     0.019473
933	     -1.15527	     0.019570
934	     -1.14258	     0.019667
935	     -1.12988	     0.019765
936	     -1.11719	     0.019864
937	     -1.10449	     0.019962
938	     -1.09180	     0.020061
939	     -1.07910	     0.020160
940	     -1.06641	     0.020259
941	     -1.05371	     0.020358
942	     -1.04102	     0.020458
943	     -1.02832	     0.020557
944	     -1.01563	     0.020656
945	     -1.00293	     0.020756
946	     -0.99023	     0.020855
947	     -0.97754	     0.020954
948	     -0.96484	     0.021053
949	     -0.95215	     0.021152
950	     -0.93945	     0.021251
951	     -0.92676	     0.021349
952	     -0.91406	     0.021448
953	     -0.90137	     0.021546
954	     -0.88867	     0.021643
955	     -0.87598	     0.021740
956	     -0.86328	     0.021837
957	     -0.85059	     0.021933
958	     -0.83789	     0.022029
959	     -0.82520	     0.022124
960	     -0.81250	     0.022219
961	     -0.79980	     0.022313
962	     -0.78711	     0.022406
963	     -0.77441	     0.022499
964	     -0.76172	     0.022591
965	     -0.74902	     0.022682
966	     -0.73633	     0.022772
967	     -0.72363	     0.022862
968	     -0.71094	     0.022951
969	     -0.69824	     0.023039
970	     -0.68555	     0.023126
971	     -0.67285	     0.023212
972	     -0.66016	     0.023297
973	     -0.64746	     0.023381
974	     -0.63477	     0.023464
975	     -0.62207	     0.023546
976	     -0.60938	     0.023627
977	     -0.59668	     0.023707
978	     -0.58398	     0.023786
979	     -0.57129	     0.023863
980	     -0.55859	     0.023939
981	     -0.54590	     0.024015
982	     -0.53320	     0.024088
983	     -0.52051	     0.024161
984	     -0.50781	     0.024232
985	     -0.49512	     0.024302
986	     -0.48242	     0.024370
987	     -0.46973	     0.024437
988	     -0.45703	     0.024503
989	     -0.44434	     0.024567
990	     -0.43164	     0.024629
991	     -0.41895	     0.024690
992	     -0.40625	     0.024749
993	     -0.39355	     0.024807
994	     -0.38086	     0.024863
995	     -0.36816	     0.024918
996	     -0.35547	     0.024970
997	     -0.34277	     0.025021
998	     -0.33008	     0.025071
999	     -0.31738	     0.025118
1000	     -0.30469	     0.025164
1001	     -0.29199	     0.025208
1002	     -0.27930	     0.025251
1003	     -0.26660	     0.025292
1004	     -0.25391	     0.025331
1005	     -0.24121	     0.025368
1006	     -0.22852	     0.025403
1007	     -0.21582	     0.025437
1008	     -0.20313	     0.025468
1009	     -0.19043	     0.025498
1010	     -0.17773	     0.025526
1011	     -0.16504	     0.025553
1012	     -0.15234	     0.025577
1013	     -0.13965	     0.025599
1014	     -0.12695	     0.025620
1015	     -0.11426	     0.025639
1016	     -0.10156	     0.025655
1017	     -0.08887	     0.025670
1018	     -0.07617	     0.025683
1019	     -0.06348	     0.025694
1020	     -0.05078	     0.025703
1021	     -0.03809	     0.025710
1022	     -0.02539	     0.025715
1023	     -0.01270	     0.025718
1024	      0.00000	     0.025719
1025	      0.01270	     0.025718
1026	      0.02539	     0.025715
1027	      0.03809	     0.025710
1028	      0.05078	     0.025703
1029	      0.06348	     0.025694
1030	      0.07617	     0.025683
1031	      0.08887	     0.025670
1032	      0.10156	     0.025655
1033	      0.11426	     0.025639
1034	      0.12695	     0.025620
1035	      0.13965	     0.025599
1036	      0.15234	     0.025577
1037	      0.16504	     0.025553
1038	      0.17773	     0.025526
1039	      0.19043	     0.025498
1040	      0.20313	     0.025468
1041	      0.21582	     0.025437
1042	      0.22852	     0.025403
1043	      0.24121	     0.025368
1044	      0.25391	     0.025331
1045	      0.26660	     0.025292
1046	      0.27930	     0.025251
1047	      0.29199	     0.025208
1048	      0.30469	     0.025164
1049	      0.31738	     0.025118
1050	      0.33008	     0.025071
1051	      0.34277	     0.025021
1052	      0.35547	     0.024970
1053	      0.36816	     0.024918
1054	      0.38086	     0.024863
1055	      0.39355	     0.024807
1056	      0.40625	     0.024749
1057	      0.41895	     0.024690
1058	      0.43164	     0.024629
1059	      0.44434	     0.024567
1060	      0.45703	     0.024503
1061	      0.46973	     0.024437
1062	      0.48242	     0.024370
1063	      0.49512	     0.024302
1064	      0.50781	     0.024232
1065	      0.52051	     0.024161
1066	      0.53320	     0.024088
1067	      0.54590	     0.024015
1068	      0.55859	     0.023939
1069	      0.57129	     0.023863
1070	      0.58398	     0.023786
1071	      0.59668	     0.023707
1072	      0.60938	     0.023627
1073	      0.62207	     0.023546
1074	      0.63477	     0.023464
1075	      0.64746	     0.023381
1076	      0.66016	     0.023297
1077	      0.67285	     0.023212
1078	      0.68555	     0.023126
1079	      0.69824	     0.023039
1080	      0.71094	     0.022951
1081	      0.72363	     0.022862
1082	      0.73633	     0.022772
1083	      0.74902	     0.022682
1084	      0.76172	     0.022591
1085	      0.77441	     0.022499
1086	      0.78711	     0.022406
1087	      0.79980	     0.022313
1088	      0.81250	     0.022219
1089	      0.82520	     0.022124
1090	      0.83789	     0.022029
1091	      0.85059	     0.021933
1092	      0.86328	     0.021837
1093	      0.87598	     0.021740
1094	      0.88867	     0.021643
1095	      0.90137	     0.021546
1096	      0.91406	     0.021448
1097	      0.92676	     0.021349
1098	      0.93945	     0.021251
1099	      0.95215	     0.021152
1100	      0.96484	     0.021053
1101	      0.97754	     0.020954
1102	      0.99023	     0.020855
1103	      1.00293	     0.020756
1104	      1.01563	     0.020656
1105	      1.02832	     0.020557
1106	      1.04102	     0.020458
1107	      1.05371	     0.020358
1108	      1.06641	     0.020259
1109	      1.07910	     0.020160
1110	      1.09180	     0.020061
1111	      1.10449	     0.019962
1112	      1.11719	     0.019864
1113	      1.12988	     0.019765
1114	      1.14258	     0.019667
1115	      1.15527	     0.019570
1116	      1.16797	     0.019473
1117	      1.18066	     0.019376
1118	      1.19336	     0.019279
1119	      1.20605	     0.019183
1120	      1.21875	     0.019088
1121	      1.23145	     0.018993
1122	      1.24414	     0.018899
1123	      1.25684	     0.018805
1124	      1.26953	     0.018712
1125	      1.28223	     0.018620
1126	      1.29492	     0.018528
1127	      1.30762	     0.018437
1128	      1.32031	     0.018346
1129	      1.33301	     0.018257
1130	      1.34570	     0.018168
1131	      1.35840	     0.018080
1132	      1.37109	     0.017992
1133	      1.38379	     0.017906
1134	      1.39648	     0.017821
1135	      1.40918	     0.017736
1136	      1.42188	     0.017652
1137	      1.43457	     0.017570
1138	      1.44727	     0.017488
1139	      1.45996	     0.017407
1140	      1.47266	     0.017327
1141	      1.48535	     0.017249
1142	      1.49805	     0.017171
1143	      1.51074	     0.017095
1144	      1.52344	     0.017020
1145	      1.53613	     0.016945
1146	      1.54883	     0.016873
1147	      1.56152	     0.016801
1148	      1.57422	     0.016730
1149	      1.58691	     0.016661
1150	      1.59961	     0.016593
1151	      1.61230	     0.016527
1152	      1.62500	     0.016462
1153	      1.63770	     0.016398
1154	      1.65039	     0.016335
1155	      1.66309	     0.016274
1156	      1.67578	     0.016214
1157	      1.68848	     0.016155
1158	      1.70117	     0.016098
1159	      1.71387	     0.016042
1160	      1.72656	     0.015987
1161	      1.73926	     0.015934
1162	      1.75195	     0.015882
1163	      1.76465	     0.015831
1164	      1.77734	     0.015782
1165	      1.79004	     0.015735
1166	      1.80273	     0.015688
1167	      1.81543	     0.015643
1168	      1.82813	     0.015600
1169	      1.84082	     0.015558
1170	      1.85352	     0.015517
1171	      1.86621	     0.015478
1172	      1.87891	     0.015440
1173	      1.89160	     0.015403
1174	      1.90430	     0.015368
1175	      1.91699	     0.015335
1176	      1.92969	     0.015303
1177	      1.94238	     0.015272
1178	      1.95508	     0.015243
1179	      1.96777	     0.015215
1180	      1.98047	     0.015189
1181	      1.99316	     0.015164
1182	      2.00586	     0.015141
1183	      2.01855	     0.015119
1184	      2.03125	     0.015099
1185	      2.04395	     0.015080
1186	      2.05664	     0.015062
1187	      2.06934	     0.015046
1188	      2.08203	     0.015031
1189	      2.09473	     0.015018
1190	      2.10742	     0.015006
1191	      2.12012	     0.014995
1192	      2.13281	     0.014986
1193	      2.14551	     0.014977
1194	      2.15820	     0.014971
1195	      2.17090	     0.014965
1196	      2.18359	     0.014961
1197	      2.19629	     0.014958
1198	      2.20898	     0.014956
1199	      2.22168	     0.014955
1200	      2.23438	     0.014956
1201	      2.24707	     0.014958
1202	      2.25977	     0.014960
1203	      2.27246	     0.014965
1204	      2.28516	     0.014970
1205	      2.29785	     0.014976
1206	      2.31055	     0.014984
1207	      2.32324	     0.014992
1208	      2.33594	     0.015002
1209	      2.34863	     0.015013
1210	      2.36133	     0.015025
1211	      2.37402	     0.015038
1212	      2.38672	     0.015052
1213	      2.39941	     0.015067
1214	      2.41211	     0.015083
1215	      2.42480	     0.015099
1216	      2.43750	     0.015117
1217	      2.45020	     0.015136
1218	      2.46289	     0.015155
1219	      2.47559	     0.015176
1220	      2.48828	     0.015197
1221	      2.50098	     0.015219
1222	      2.51367	     0.015242
1223	      2.52637	     0.015266
1224	      2.53906	     0.015290
1225	      2.55176	     0.015315
1226	      2.56445	     0.015340
1227	      2.57715	     0.015367
1228	      2.58984	     0.015394
1229	      2.60254	     0.015421
1230	      2.61523	     0.015449
1231	      2.62793	     0.015478
1232	      2.64063	     0.015507
1233	      2.65332	     0.015537
1234	      2.66602	     0.015567
1235	      2.67871	     0.015597
1236	      2.69141	     0.015628
1237	      2.70410	     0.015660
1238	      2.71680	     0.015691
1239	      2.72949	     0.015723
1240	      2.74219	     0.015756
1241	      2.75488	     0.015788
1242	      2.76758	     0.015821
1243	      2.78027	     0.015854
1244	      2.79297	     0.015888
1245	      2.80566	     0.015921
1246	      2.81836	     0.015955
1247	      2.83105	     0.015989
1248	      2.84375	     0.016023
1249	      2.85645	     0.016057
1250	      2.86914	     0.016091
1251	      2.88184	     0.016125
1252	      2.89453	     0.016160
1253	      2.90723	     0.016194
1254	      2.91992	     0.016228
1255	      2.93262	     0.016262
1256	      2.94531	     0.016297
1257	      2.95801	     0.016331
1258	      2.97070	     0.016365
1259	      2.98340	     0.016398
1260	      2.99609	     0.016432
1261	      3.00879	     0.016466
1262	      3.02148	     0.016499
1263	      3.03418	     0.016532
1264	      3.04688	     0.016565
1265	      3.05957	     0.016598
1266	      3.07227	     0.016630
1267	      3.08496	     0.016662
1268	      3.09766	     0.016694
1269	      3.11035	     0.016725
1270	      3.12305	     0.016756
1271	      3.13574	     0.016787
1272	      3.14844	     0.016817
1273	      3.16113	     0.016847
1274	      3.17383	     0.016876
1275	      3.18652	     0.016905
1276	      3.19922	     0.016933
1277	      3.21191	     0.016961
1278	      3.22461	     0.016988
1279	      3.23730	     0.017015
1280	      3.25000	     0.017041
1281	      3.26270	     0.017067
1282	      3.27539	     0.017092
1283	      3.28809	     0.017117
1284	      3.30078	     0.017141
1285	      3.31348	     0.017165
1286	      3.32617	     0.017188
1287	      3.33887	     0.017211
1288	      3.35156	     0.017233
1289	      3.36426	     0.017254
1290	      3.37695	     0.017275
1291	      3.38965	     0.017295
1292	      3.40234	     0.017315
1293	      3.41504	     0.017334
1294	      3.42773	     0.017352
1295	      3.44043	     0.017370
1296	      3.45313	     0.017387
1297	      3.46582	     0.017403
1298	      3.47852	     0.017419
1299	      3.49121	     0.017434
1300	      3.50391	     0.017449
1301	      3.51660	     0.017463
1302	      3.52930	     0.017476
1303	      3.54199	     0.017488
1304	      3.55469	     0.017500
1305	      3.56738	     0.017511
1306	      3.58008	     0.017522
1307	      3.59277	     0.017531
1308	      3.60547	     0.017540
1309	      3.61816	     0.017549
1310	      3.63086	     0.017557
1311	      3.64355	     0.017564
1312	      3.65625	     0.017570
1313	      3.66895	     0.017576
1314	      3.68164	     0.017581
1315	      3.69434	     0.017586
1316	      3.70703	     0.017590
1317	      3.71973	     0.017594
1318	      3.73242	     0.017597
1319	      3.74512	     0.017599
1320	      3.75781	     0.017601
1321	      3.77051	     0.017602
1322	      3.78320	     0.017603
1323	      3.79590	     0.017604
1324	      3.80859	     0.017603
1325	      3.82129	     0.017603
1326	      3.83398	     0.017602
1327	      3.84668	     0.017600
1328	      3.85938	     0.017598
1329	      3.87207	     0.017596
1330	      3.88477	     0.017593
1331	      3.89746	     0.017590
1332	      3.91016	     0.017586
1333	      3.92285	     0.017582
1334	      3.93555	     0.017578
1335	      3.94824	     0.017573
1336	      3.96094	     0.017568
1337	      3.97363	     0.017562
1338	      3.98633	     0.017557
1339	      3.99902	     0.017551
1340	      4.01172	     0.017544
1341	      4.02441	     0.017538
1342	      4.03711	     0.017531
1343	      4.04980	     0.017524
1344	      4.06250	     0.017517
1345	      4.07520	     0.017510
1346	      4.08789	     0.017502
1347	      4.10059	     0.017495
1348	      4.11328	     0.017487
1349	      4.12598	     0.017480
1350	      4.13867	     0.017472
1351	      4.15137	     0.017464
1352	      4.16406	     0.017457
1353	      4.17676	     0.017449
1354	      4.18945	     0.017442
1355	      4.20215	     0.017435
1356	      4.21484	     0.017427
1357	      4.22754	     0.017420
1358	      4.24023	     0.017414
1359	      4.25293	     0.017407
1360	      4.26563	     0.017400
1361	      4.27832	     0.017394
1362	      4.29102	     0.017388
1363	      4.30371	     0.017383
1364	      4.31641	     0.017377
1365	      4.32910	     0.017372
1366	      4.34180	     0.017368
1367	      4.35449	     0.017363
1368	      4.36719	     0.017360
1369	      4.37988	     0.017356
1370	      4.39258	     0.017353
1371	      4.40527	     0.017351
1372	      4.41797	     0.017349
1373	      4.43066	     0.017347
1374	      4.44336	     0.017347
1375	      4.45605	     0.017346
1376	      4.46875	     0.017347
1377	      4.48145	     0.017348
1378	      4.49414	     0.017349
1379	      4.50684	     0.017352
1380	      4.51953	     0.017355
1381	      4.53223	     0.017358
1382	      4.54492	     0.017363
1383	      4.55762	     0.017368
1384	      4.57031	     0.017374
1385	      4.58301	     0.017381
1386	      4.59570	     0.017389
1387	      4.60840	     0.017397
1388	      4.62109	     0.017407
1389	      4.63379	     0.017417
1390	      4.64648	     0.017428
1391	      4.65918	     0.017441
1392	      4.67188	     0.017454
1393	      4.68457	     0.017468
1394	      4.69727	     0.017484
1395	      4.70996	     0.017500
1396	      4.72266	     0.017518
1397	      4.73535	     0.017536
1398	      4.74805	     0.017556
1399	      4.76074	     0.017577
1400	      4.77344	     0.017599
1401	      4.78613	     0.017622
1402	      4.79883	     0.017646
1403	      4.81152	     0.017672
1404	      4.82422	     0.017699
1405	      4.83691	     0.017726
1406	      4.84961	     0.017756
1407	      4.86230	     0.017786
1408	      4.87500	     0.017818
1409	      4.88770	     0.017850
1410	      4.90039	     0.017885
1411	      4.91309	     0.017920
1412	      4.92578	     0.017957
1413	      4.93848	     0.017995
1414	      4.95117	     0.018034
1415	      4.96387	     0.018074
1416	      4.97656	     0.018116
1417	      4.98926	     0.018160
1418	      5.00195	     0.018204
1419	      5.01465	     0.018250
1420	      5.02734	     0.018297
1421	      5.04004	     0.018346
1422	      5.05273	     0.018396
1423	      5.06543	     0.018447
1424	      5.07813	     0.018500
1425	      5.09082	     0.018554
1426	      5.10352	     0.018610
1427	      5.11621	     0.018667
1428	      5.12891	     0.018725
1429	      5.14160	     0.018785
1430	      5.15430	     0.018847
1431	      5.16699	     0.018910
1432	      5.17969	     0.018974
1433	      5.19238	     0.019040
1434	      5.20508	     0.019107
1435	      5.21777	     0.019175
1436	      5.23047	     0.019245
1437	      5.24316	     0.019316
1438	      5.25586	     0.019389
1439	      5.26855	     0.019463
1440	      5.28125	     0.019538
1441	      5.29395	     0.019614
1442	      5.30664	     0.019692
1443	      5.31934	     0.019771
1444	      5.33203	     0.019852
1445	      5.34473	     0.019934
1446	      5.35742	     0.020017
1447	      5.37012	     0.020101
1448	      5.38281	     0.020186
1449	      5.39551	     0.020273
1450	      5.40820	     0.020361
1451	      5.42090	     0.020450
1452	      5.43359	     0.020541
1453	      5.44629	     0.020632
1454	      5.45898	     0.020725
1455	      5.47168	     0.020819
1456	      5.48438	     0.020914
1457	      5.49707	     0.021010
1458	      5.50977	     0.021107
1459	      5.52246	     0.021206
1460	      5.53516	     0.021305
1461	      5.54785	     0.021406
1462	      5.56055	     0.021508
1463	      5.57324	     0.021610
1464	      5.58594	     0.021714
1465	      5.59863	     0.021819
1466	      5.61133	     0.021925
1467	      5.62402	     0.022031
1468	      5.63672	     0.022138
1469	      5.64941	     0.022247
1470	      5.66211	     0.022356
1471	      5.67480	     0.022466
1472	      5.68750	     0.022576
1473	      5.70020	     0.022688
1474	      5.71289	     0.022800
1475	      5.72559	     0.022912
1476	      5.73828	     0.023026
1477	      5.75098	     0.023140
1478	      5.76367	     0.023254
1479	      5.77637	     0.023369
1480	      5.78906	     0.023485
1481	      5.80176	     0.023601
1482	      5.81445	     0.023717
1483	      5.82715	     0.023834
1484	      5.83984	     0.023951
1485	      5.85254	     0.024069
1486	      5.86523	     0.024187
1487	      5.87793	     0.024305
1488	      5.89063	     0.024424
1489	      5.90332	     0.024543
1490	      5.91602	     0.024662
1491	      5.92871	     0.024781
1492	      5.94141	     0.024900
1493	      5.95410	     0.025020
1494	      5.96680	     0.025139
1495	      5.97949	     0.025259
1496	      5.99219	     0.025378
1497	      6.00488	     0.025498
1498	      6.01758	     0.025617
1499	      6.03027	     0.025736
1500	      6.04297	     0.025855
1501	      6.05566	     0.025974
1502	      6.06836	     0.026093
1503	      6.08105	     0.026212
1504	      6.09375	     0.026330
1505	      6.10645	     0.026447
1506	      6.11914	     0.026565
1507	      6.13184	     0.026682
1508	      6.14453	     0.026798
1509	      6.15723	     0.026914
1510	      6.16992	     0.027030
1511	      6.18262	     0.027144
1512	      6.19531	     0.027259
1513	      6.20801	     0.027372
1514	      6.22070	     0.027485
1515	      6.23340	     0.027597
1516	      6.24609	     0.027709
1517	      6.25879	     0.027819
1518	      6.27148	     0.027929
1519	      6.28418	     0.028038
1520	      6.29688	     0.028146
1521	      6.30957	     0.028253
1522	      6.32227	     0.028359
1523	      6.33496	     0.028464
1524	      6.34766	     0.028568
1525	      6.36035	     0.028671
1526	      6.37305	     0.028772
1527	      6.38574	     0.028873
1528	      6.39844	     0.028972
1529	      6.41113	     0.029070
1530	      6.42383	     0.029167
1531	      6.43652	     0.029263
1532	      6.44922	     0.029357
1533	      6.46191	     0.029450
1534	      6.47461	     0.029542
1535	      6.48730	     0.029632
1536	      6.50000	     0.029721
1537	      6.51270	     0.029809
1538	      6.52539	     0.029894
1539	      6.53809	     0.029979
1540	      6.55078	     0.030062
1541	      6.56348	     0.030143
1542	      6.57617	     0.030223
1543	      6.58887	     0.030301
1544	      6.60156	     0.030377
1545	      6.61426	     0.030452
1546	      6.62695	     0.030525
1547	      6.63965	     0.030596
1548	      6.65234	     0.030665
1549	      6.66504	     0.030733
1550	      6.67773	     0.030799
1551	      6.69043	     0.030863
1552	      6.70313	     0.030925
1553	      6.71582	     0.030985
1554	      6.72852	     0.031043
1555	      6.74121	     0.031099
1556	      6.75391	     0.031153
1557	      6.76660	     0.031205
1558	      6.77930	     0.031255
1559	      6.79199	     0.031303
1560	      6.80469	     0.031350
1561	      6.81738	     0.031394
1562	      6.83008	     0.031436
1563	      6.84277	     0.031476
1564	      6.85547	     0.031514
1565	      6.86816	     0.031550
1566	      6.88086	     0.031583
1567	      6.89355	     0.031615
1568	      6.90625	     0.031645
1569	      6.91895	     0.031672
1570	      6.93164	     0.031698
1571	      6.94434	     0.031721
1572	      6.95703	     0.031742
1573	      6.96973	     0.031761
1574	      6.98242	     0.031778
1575	      6.99512	     0.031792
1576	      7.00781	     0.031805
1577	      7.02051	     0.031815
1578	      7.03320	     0.031823
1579	      7.04590	     0.031829
1580	      7.05859	     0.031833
1581	      7.07129	     0.031834
1582	      7.08398	     0.031833
1583	      7.09668	     0.031830
1584	      7.10938	     0.031825
1585	      7.12207	     0.031818
1586	      7.13477	     0.031808
1587	      7.14746	     0.031796
1588	      7.16016	     0.031781
1589	      7.17285	     0.031765
1590	      7.18555	     0.031746
1591	      7.19824	     0.031725
1592	      7.21094	     0.031702
1593	      7.22363	     0.031677
1594	      7.23633	     0.031650
1595	      7.24902	     0.031621
1596	      7.26172	     0.031589
1597	      7.27441	     0.031556
1598	      7.28711	     0.031520
1599	      7.29980	     0.031482
1600	      7.31250	     0.031443
1601	      7.32520	     0.031401
1602	      7.33789	     0.031357
1603	      7.35059	     0.031311
1604	      7.36328	     0.031264
1605	      7.37598	     0.031214
1606	      7.38867	     0.031162
1607	      7.40137	     0.031108
1608	      7.41406	     0.031053
1609	      7.42676	     0.030995
1610	      7.43945	     0.030936
1611	      7.45215	     0.030875
1612	      7.46484	     0.030812
1613	      7.47754	     0.030747
1614	      7.49023	     0.030680
1615	      7.50293	     0.030611
1616	      7.51563	     0.030541
1617	      7.52832	     0.030468
1618	      7.54102	     0.030394
1619	      7.55371	     0.030319
1620	      7.56641	     0.030241
1621	      7.57910	     0.030162
1622	      7.59180	     0.030081
1623	      7.60449	     0.029999
1624	      7.61719	     0.029915
1625	      7.62988	     0.029830
1626	      7.64258	     0.029743
1627	      7.65527	     0.029655
1628	      7.66797	     0.029565
1629	      7.68066	     0.029474
1630	      7.69336	     0.029382
1631	      7.70605	     0.029288
1632	      7.71875	     0.029193
1633	      7.73145	     0.029097
1634	      7.74414	     0.028999
1635	      7.75684	     0.028901
1636	      7.76953	     0.028801
1637	      7.78223	     0.028700
1638	      7.79492	     0.028598
1639	      7.80762	     0.028495
1640	      7.82031	     0.028390
1641	      7.83301	     0.028285
1642	      7.84570	     0.028179
1643	      7.85840	     0.028072
1644	      7.87109	     0.027964
1645	      7.88379	     0.027855
1646	      7.89648	     0.027746
1647	      7.90918	     0.027635
1648	      7.92188	     0.027524
1649	      7.93457	     0.027412
1650	      7.94727	     0.027299
1651	      7.95996	     0.027186
1652	      7.97266	     0.027072
1653	      7.98535	     0.026958
1654	      7.99805	     0.026843
1655	      8.01074	     0.026727
1656	      8.02344	     0.026611
1657	      8.03613	     0.026495
1658	      8.04883	     0.026378
1659	      8.06152	     0.026261
1660	      8.07422	     0.026143
1661	      8.08691	     0.026025
1662	      8.09961	     0.025907
1663	      8.11230	     0.025789
1664	      8.12500	     0.025671
1665	      8.13770	     0.025552
1666	      8.15039	     0.025434
1667	      8.16309	     0.025315
1668	      8.17578	     0.025196
1669	      8.18848	     0.025078
1670	      8.20117	     0.024959
1671	      8.21387	     0.024841
1672	      8.22656	     0.024722
1673	      8.23926	     0.024604
1674	      8.25195	     0.024486
1675	      8.26465	     0.024368
1676	      8.27734	     0.024251
1677	      8.29004	     0.024134
1678	      8.30273	     0.024017
1679	      8.31543	     0.023901
1680	      8.32813	     0.023784
1681	      8.34082	     0.023669
1682	      8.35352	     0.023554
1683	      8.36621	     0.023439
1684	      8.37891	     0.023325
1685	      8.39160	     0.023212
1686	      8.40430	     0.023099
1687	      8.41699	     0.022986
1688	      8.42969	     0.022874
1689	      8.44238	     0.022763
1690	      8.45508	     0.022653
1691	      8.46777	     0.022543
1692	      8.48047	     0.022434
1693	      8.49316	     0.022326
1694	      8.50586	     0.022219
1695	      8.51855	     0.022112
1696	      8.53125	     0.022006
1697	      8.54395	     0.021901
1698	      8.55664	     0.021797
1699	      8.56934	     0.021694
1700	      8.58203	     0.021592
1701	      8.59473	     0.021491
1702	      8.60742	     0.021391
1703	      8.62012	     0.021292
1704	      8.63281	     0.021194
1705	      8.64551	     0.021097
1706	      8.65820	     0.021001
1707	      8.67090	     0.020906
1708	      8.68359	     0.020813
1709	      8.69629	     0.020720
1710	      8.70898	     0.020629
1711	      8.72168	     0.020539
1712	      8.73438	     0.020451
1713	      8.74707	     0.020363
1714	      8.75977	     0.020277
1715	      8.77246	     0.020192
1716	      8.78516	     0.020108
1717	      8.79785	     0.020026
1718	      8.81055	     0.019945
1719	      8.82324	     0.019865
1720	      8.83594	     0.019786
1721	      8.84863	     0.019709
1722	      8.86133	     0.019633
1723	      8.87402	     0.019558
1724	      8.88672	     0.019485
1725	      8.89941	     0.019413
1726	      8.91211	     0.019342
1727	      8.92480	     0.019272
1728	      8.93750	     0.019204
1729	      8.95020	     0.019137
1730	      8.96289	     0.019072
1731	      8.97559	     0.019008
1732	      8.98828	     0.018945
1733	      9.00098	     0.018884
1734	      9.01367	     0.018824
1735	      9.02637	     0.018766
1736	      9.03906	     0.018709
1737	      9.05176	     0.018653
1738	      9.06445	     0.018599
1739	      9.07715	     0.018546
1740	      9.08984	     0.018494
1741	      9.10254	     0.018444
1742	      9.11523	     0.018396
1743	      9.12793	     0.018348
1744	      9.14063	     0.018303
1745	      9.15332	     0.018258
1746	      9.16602	     0.018215
1747	      9.17871	     0.018173
1748	      9.19141	     0.018133
1749	      9.20410	     0.018094
1750	      9.21680	     0.018056
1751	      9.22949	     0.018019
1752	      9.24219	     0.017984
1753	      9.25488	     0.017950
1754	      9.26758	     0.017918
1755	      9.28027	     0.017886
1756	      9.29297	     0.017856
1757	      9.30566	     0.017827
1758	      9.31836	     0.017799
1759	      9.33105	     0.017772
1760	      9.34375	     0.017747
1761	      9.35645	     0.017723
1762	      9.36914	     0.017699
1763	      9.38184	     0.017677
1764	      9.39453	     0.017656
1765	      9.40723	     0.017637
1766	      9.41992	     0.017618
1767	      9.43262	     0.017600
1768	      9.44531	     0.017584
1769	      9.45801	     0.017568
1770	      9.47070	     0.017554
1771	      9.48340	     0.017540
1772	      9.49609	     0.017528
1773	      9.50879	     0.017517
1774	      9.52148	     0.017506
1775	      9.53418	     0.017496
1776	      9.54688	     0.017488
1777	      9.55957	     0.017480
1778	      9.57227	     0.017473
1779	      9.58496	     0.017467
1780	      9.59766	     0.017462
1781	      9.61035	     0.017457
1782	      9.62305	     0.017454
1783	      9.63574	     0.017451
1784	      9.64844	     0.017448
1785	      9.66113	     0.017447
1786	      9.67383	     0.017446
1787	      9.68652	     0.017445
1788	      9.69922	     0.017445
1789	      9.71191	     0.017446
1790	      9.72461	     0.017448
1791	      9.73730	     0.017449
1792	      9.75000	     0.017452
1793	      9.76270	     0.017455
1794	      9.77539	     0.017458
1795	      9.78809	     0.017462
1796	      9.80078	     0.017466
1797	      9.81348	     0.017470
1798	      9.82617	     0.017475
1799	      9.83887	     0.017480
1800	      9.85156	     0.017486
1801	      9.86426	     0.017491
1802	      9.87695	     0.017497
1803	      9.88965	     0.017503
1804	      9.90234	     0.017510
1805	      9.91504	     0.017516
1806	      9.92773	     0.017523
1807	      9.94043	     0.017529
1808	      9.95313	     0.017536
1809	      9.96582	     0.017543
1810	      9.97852	     0.017550
1811	      9.99121	     0.017557
1812	     10.00391	     0.017564
1813	     10.01660	     0.017570
1814	     10.02930	     0.017577
1815	     10.04199	     0.017584
1816	     10.05469	     0.017590
1817	     10.06738	     0.017597
1818	     10.08008	     0.017603
1819	     10.09277	     0.017609
1820	     10.10547	     0.017615
1821	     10.11816	     0.017621
1822	     10.13086	     0.017626
1823	     10.14355	     0.017631
1824	     10.15625	     0.017635
1825	     10.16895	     0.017640
1826	     10.18164	     0.017644
1827	     10.19434	     0.017647
1828	     10.20703	     0.017650
1829	     10.21973	     0.017653
1830	     10.23242	     0.017655
1831	     10.24512	     0.017657
1832	     10.25781	     0.017658
1833	     10.27051	     0.017658
1834	     10.28320	     0.017658
1835	     10.29590	     0.017658
1836	     10.30859	     0.017656
1837	     10.32129	     0.017654
1838	     10.33398	     0.017652
1839	     10.34668	     0.017649
1840	     10.35938	     0.017645
1841	     10.37207	     0.017640
1842	     10.38477	     0.017635
1843	     10.39746	     0.017629
1844	     10.41016	     0.017623
1845	     10.42285	     0.017615
1846	     10.43555	     0.017607
1847	     10.44824	     0.017598
1848	     10.46094	     0.017589
1849	     10.47363	     0.017578
1850	     10.48633	     0.017567
1851	     10.49902	     0.017555
1852	     10.51172	     0.017542
1853	     10.52441	     0.017528
1854	     10.53711	     0.017513
1855	     10.54980	     0.017498
1856	     10.56250	     0.017481
1857	     10.57520	     0.017464
1858	     10.58789	     0.017445
1859	     10.60059	     0.017426
1860	     10.61328	     0.017406
1861	     10.62598	     0.017385
1862	     10.63867	     0.017362
1863	     10.65137	     0.017339
1864	     10.66406	     0.017315
1865	     10.67676	     0.017290
1866	     10.68945	     0.017263
1867	     10.70215	     0.017236
1868	     10.71484	     0.017208
1869	     10.72754	     0.017179
1870	     10.74023	     0.017148
1871	     10.75293	     0.017117
1872	     10.76563	     0.017084
1873	     10.77832	     0.017051
1874	     10.79102	     0.017017
1875	     10.80371	     0.016981
1876	     10.81641	     0.016945
1877	     10.82910	     0.016908
1878	     10.84180	     0.016869
1879	     10.85449	     0.016830
1880	     10.86719	     0.016789
1881	     10.87988	     0.016748
1882	     10.89258	     0.016706
1883	     10.90527	     0.016662
1884	     10.91797	     0.016618
1885	     10.93066	     0.016573
1886	     10.94336	     0.016526
1887	     10.95605	     0.016479
1888	     10.96875	     0.016431
1889	     10.98145	     0.016381
1890	     10.99414	     0.016331
1891	     11.00684	     0.016280
1892	     11.01953	     0.016228
1893	     11.03223	     0.016175
1894	     11.04492	     0.016121
1895	     11.05762	     0.016065
1896	     11.07031	     0.016009
1897	     11.08301	     0.015952
1898	     11.09570	     0.015894
1899	     11.10840	     0.015836
1900	     11.12109	     0.015776
1901	     11.13379	     0.015715
1902	     11.14648	     0.015654
1903	     11.15918	     0.015591
1904	     11.17188	     0.015528
1905	     11.18457	     0.015464
1906	     11.19727	     0.015400
1907	     11.20996	     0.015334
1908	     11.22266	     0.015268
1909	     11.23535	     0.015201
1910	     11.24805	     0.015133
1911	     11.26074	     0.015064
1912	     11.27344	     0.014995
1913	     11.28613	     0.014925
1914	     11.29883	     0.014854
1915	     11.31152	     0.014783
1916	     11.32422	     0.014711
1917	     11.33691	     0.014639
1918	     11.34961	     0.014566
1919	     11.36230	     0.014492
1920	     11.37500	     0.014417
1921	     11.38770	     0.014343
1922	     11.40039	     0.014267
1923	     11.41309	     0.014191
1924	     11.42578	     0.014115
1925	     11.43848	     0.014038
1926	     11.45117	     0.013960
1927	     11.46387	     0.013882
1928	     11.47656	     0.013804
1929	     11.48926	     0.013725
1930	     11.50195	     0.013646
1931	     11.51465	     0.013566
1932	     11.52734	     0.013487
1933	     11.54004	     0.013406
1934	     11.55273	     0.013326
1935	     11.56543	     0.013245
1936	     11.57813	     0.013164
1937	     11.59082	     0.013082
1938	     11.60352	     0.013001
1939	     11.61621	     0.012919
1940	     11.62891	     0.012837
1941	     11.64160	     0.012755
1942	     11.65430	     0.012673
1943	     11.66699	     0.012590
1944	     11.67969	     0.012508
1945	     11.69238	     0.012425
1946	     11.70508	     0.012343
1947	     11.71777	     0.012260
1948	     11.73047	     0.012177
1949	     11.74316	     0.012095
1950	     11.75586	     0.012012
1951	     11.76855	     0.011929
1952	     11.78125	     0.011847
1953	     11.79395	     0.011764
1954	     11.80664	     0.011682
1955	     11.81934	     0.011600
1956	     11.83203	     0.011518
1957	     11.84473	     0.011436
1958	     11.85742	     0.011355
1959	     11.87012	     0.011273
1960	     11.88281	     0.011192
1961	     11.89551	     0.011111
1962	     11.90820	     0.011031
1963	     11.92090	     0.010951
1964	     11.93359	     0.010871
1965	     11.94629	     0.010791
1966	     11.95898	     0.010712
1967	     11.97168	     0.010633
1968	     11.98438	     0.010554
1969	     11.99707	     0.010476
1970	     12.00977	     0.010398
1971	     12.02246	     0.010321
1972	     12.03516	     0.010244
1973	     12.04785	     0.010168
1974	     12.06055	     0.010092
1975	     12.07324	     0.010016
1976	     12.08594	     0.009941
1977	     12.09863	     0.009867
1978	     12.11133	     0.009793
1979	     12.12402	     0.009720
1980	     12.13672	     0.009647
1981	     12.14941	     0.009575
1982	     12.16211	     0.009504
1983	     12.17480	     0.009433
1984	     12.18750	     0.009363
1985	     12.20020	     0.009293
1986	     12.21289	     0.009225
1987	     12.22559	     0.009156
1988	     12.23828	     0.009089
1989	     12.25098	     0.009023
1990	     12.26367	     0.008957
1991	     12.27637	     0.008892
1992	     12.28906	     0.008827
1993	     12.30176	     0.008764
1994	     12.31445	     0.008701
1995	     12.32715	     0.008639
1996	     12.33984	     0.008578
1997	     12.35254	     0.008517
1998	     12.36523	     0.008457
1999	     12.37793	     0.008399
2000	     12.39063	     0.008341
2001	     12.40332	     0.008283
2002	     12.41602	     0.008227
2003	     12.42871	     0.008171
2004	     12.44141	     0.008117
2005	     12.45410	     0.008063
2006	     12.46680	     0.008010
2007	     12.47949	     0.007957
2008	     12.49219	     0.007906
2009	     12.50488	     0.007856
2010	     12.51758	     0.007806
2011	     12.53027	     0.007757
2012	     12.54297	     0.007709
2013	     12.55566	     0.007662
2014	     12.56836	     0.007616
2015	     12.58105	     0.007571
2016	     12.59375	     0.007527
2017	     12.60645	     0.007483
2018	     12.61914	     0.007441
2019	     12.63184	     0.007399
2020	     12.64453	     0.007359
2021	     12.65723	     0.007319
2022	     12.66992	     0.007280
2023	     12.68262	     0.007242
2024	     12.69531	     0.007205
2025	     12.70801	     0.007169
2026	     12.72070	     0.007134
2027	     12.73340	     0.007100
2028	     12.74609	     0.007066
2029	     12.75879	     0.007034
2030	     12.77148	     0.007002
2031	     12.78418	     0.006971
2032	     12.79688	     0.006941
2033	     12.80957	     0.006912
2034	     12.82227	     0.006884
2035	     12.83496	     0.006856
2036	     12.84766	     0.006829
2037	     12.86035	     0.006804
2038	     12.87305	     0.006779
2039	     12.88574	     0.006754
2040	     12.89844	     0.006731
2041	     12.91113	     0.006708
2042	     12.92383	     0.006686
2043	     12.93652	     0.006665
2044	     12.94922	     0.006645
2045	     12.96191	     0.006625
2046	     12.97461	     0.006607
2047	     12.98730	     0.006589
2048	     13.00000	     0.006571
