Listing of PSF Data

File : C:\Users\Ondrej\Documents\Zemax\Projects\Nutation\Collimator_messing.ZMX
Title: 
Date : 8/17/2020
Configuration 2 of 2

Data Type      : Real X Section, Center Row
Field          : 0.0000 (deg)
Wavelength     : 0.980000 µm
Pupil grid size: 512 by 512
Image grid size: 1024 by 1024
Values are not normalized.
Position values are in the X direction.

Data	Position		 Value
  0	    -13.00000	    -0.036302
  1	    -12.98730	    -0.037228
  2	    -12.97461	    -0.038154
  3	    -12.96191	    -0.039080
  4	    -12.94922	    -0.040005
  5	    -12.93652	    -0.040929
  6	    -12.92383	    -0.041852
  7	    -12.91113	    -0.042774
  8	    -12.89844	    -0.043695
  9	    -12.88574	    -0.044615
 10	    -12.87305	    -0.045534
 11	    -12.86035	    -0.046451
 12	    -12.84766	    -0.047367
 13	    -12.83496	    -0.048281
 14	    -12.82227	    -0.049193
 15	    -12.80957	    -0.050104
 16	    -12.79688	    -0.051013
 17	    -12.78418	    -0.051920
 18	    -12.77148	    -0.052824
 19	    -12.75879	    -0.053727
 20	    -12.74609	    -0.054627
 21	    -12.73340	    -0.055524
 22	    -12.72070	    -0.056420
 23	    -12.70801	    -0.057312
 24	    -12.69531	    -0.058202
 25	    -12.68262	    -0.059089
 26	    -12.66992	    -0.059973
 27	    -12.65723	    -0.060854
 28	    -12.64453	    -0.061731
 29	    -12.63184	    -0.062606
 30	    -12.61914	    -0.063477
 31	    -12.60645	    -0.064345
 32	    -12.59375	    -0.065209
 33	    -12.58105	    -0.066069
 34	    -12.56836	    -0.066926
 35	    -12.55566	    -0.067779
 36	    -12.54297	    -0.068628
 37	    -12.53027	    -0.069473
 38	    -12.51758	    -0.070314
 39	    -12.50488	    -0.071150
 40	    -12.49219	    -0.071982
 41	    -12.47949	    -0.072810
 42	    -12.46680	    -0.073633
 43	    -12.45410	    -0.074451
 44	    -12.44141	    -0.075265
 45	    -12.42871	    -0.076073
 46	    -12.41602	    -0.076877
 47	    -12.40332	    -0.077676
 48	    -12.39063	    -0.078470
 49	    -12.37793	    -0.079258
 50	    -12.36523	    -0.080041
 51	    -12.35254	    -0.080819
 52	    -12.33984	    -0.081591
 53	    -12.32715	    -0.082357
 54	    -12.31445	    -0.083117
 55	    -12.30176	    -0.083872
 56	    -12.28906	    -0.084621
 57	    -12.27637	    -0.085364
 58	    -12.26367	    -0.086100
 59	    -12.25098	    -0.086831
 60	    -12.23828	    -0.087555
 61	    -12.22559	    -0.088272
 62	    -12.21289	    -0.088983
 63	    -12.20020	    -0.089687
 64	    -12.18750	    -0.090385
 65	    -12.17480	    -0.091076
 66	    -12.16211	    -0.091760
 67	    -12.14941	    -0.092437
 68	    -12.13672	    -0.093107
 69	    -12.12402	    -0.093769
 70	    -12.11133	    -0.094425
 71	    -12.09863	    -0.095073
 72	    -12.08594	    -0.095714
 73	    -12.07324	    -0.096348
 74	    -12.06055	    -0.096974
 75	    -12.04785	    -0.097592
 76	    -12.03516	    -0.098202
 77	    -12.02246	    -0.098805
 78	    -12.00977	    -0.099400
 79	    -11.99707	    -0.099987
 80	    -11.98438	    -0.100566
 81	    -11.97168	    -0.101136
 82	    -11.95898	    -0.101699
 83	    -11.94629	    -0.102253
 84	    -11.93359	    -0.102799
 85	    -11.92090	    -0.103336
 86	    -11.90820	    -0.103864
 87	    -11.89551	    -0.104384
 88	    -11.88281	    -0.104896
 89	    -11.87012	    -0.105398
 90	    -11.85742	    -0.105892
 91	    -11.84473	    -0.106376
 92	    -11.83203	    -0.106852
 93	    -11.81934	    -0.107318
 94	    -11.80664	    -0.107775
 95	    -11.79395	    -0.108223
 96	    -11.78125	    -0.108662
 97	    -11.76855	    -0.109091
 98	    -11.75586	    -0.109511
 99	    -11.74316	    -0.109921
100	    -11.73047	    -0.110322
101	    -11.71777	    -0.110713
102	    -11.70508	    -0.111094
103	    -11.69238	    -0.111466
104	    -11.67969	    -0.111828
105	    -11.66699	    -0.112180
106	    -11.65430	    -0.112522
107	    -11.64160	    -0.112854
108	    -11.62891	    -0.113176
109	    -11.61621	    -0.113488
110	    -11.60352	    -0.113790
111	    -11.59082	    -0.114082
112	    -11.57813	    -0.114363
113	    -11.56543	    -0.114635
114	    -11.55273	    -0.114895
115	    -11.54004	    -0.115146
116	    -11.52734	    -0.115386
117	    -11.51465	    -0.115615
118	    -11.50195	    -0.115833
119	    -11.48926	    -0.116041
120	    -11.47656	    -0.116239
121	    -11.46387	    -0.116425
122	    -11.45117	    -0.116601
123	    -11.43848	    -0.116765
124	    -11.42578	    -0.116919
125	    -11.41309	    -0.117062
126	    -11.40039	    -0.117194
127	    -11.38770	    -0.117315
128	    -11.37500	    -0.117424
129	    -11.36230	    -0.117523
130	    -11.34961	    -0.117610
131	    -11.33691	    -0.117687
132	    -11.32422	    -0.117752
133	    -11.31152	    -0.117806
134	    -11.29883	    -0.117849
135	    -11.28613	    -0.117880
136	    -11.27344	    -0.117901
137	    -11.26074	    -0.117910
138	    -11.24805	    -0.117907
139	    -11.23535	    -0.117894
140	    -11.22266	    -0.117869
141	    -11.20996	    -0.117833
142	    -11.19727	    -0.117785
143	    -11.18457	    -0.117726
144	    -11.17188	    -0.117655
145	    -11.15918	    -0.117573
146	    -11.14648	    -0.117479
147	    -11.13379	    -0.117374
148	    -11.12109	    -0.117257
149	    -11.10840	    -0.117128
150	    -11.09570	    -0.116988
151	    -11.08301	    -0.116837
152	    -11.07031	    -0.116673
153	    -11.05762	    -0.116498
154	    -11.04492	    -0.116311
155	    -11.03223	    -0.116113
156	    -11.01953	    -0.115903
157	    -11.00684	    -0.115681
158	    -10.99414	    -0.115447
159	    -10.98145	    -0.115202
160	    -10.96875	    -0.114945
161	    -10.95605	    -0.114676
162	    -10.94336	    -0.114396
163	    -10.93066	    -0.114104
164	    -10.91797	    -0.113800
165	    -10.90527	    -0.113485
166	    -10.89258	    -0.113158
167	    -10.87988	    -0.112819
168	    -10.86719	    -0.112469
169	    -10.85449	    -0.112108
170	    -10.84180	    -0.111734
171	    -10.82910	    -0.111350
172	    -10.81641	    -0.110953
173	    -10.80371	    -0.110546
174	    -10.79102	    -0.110126
175	    -10.77832	    -0.109696
176	    -10.76563	    -0.109253
177	    -10.75293	    -0.108799
178	    -10.74023	    -0.108334
179	    -10.72754	    -0.107857
180	    -10.71484	    -0.107369
181	    -10.70215	    -0.106869
182	    -10.68945	    -0.106358
183	    -10.67676	    -0.105836
184	    -10.66406	    -0.105302
185	    -10.65137	    -0.104757
186	    -10.63867	    -0.104200
187	    -10.62598	    -0.103632
188	    -10.61328	    -0.103053
189	    -10.60059	    -0.102463
190	    -10.58789	    -0.101861
191	    -10.57520	    -0.101248
192	    -10.56250	    -0.100624
193	    -10.54980	    -0.099990
194	    -10.53711	    -0.099344
195	    -10.52441	    -0.098687
196	    -10.51172	    -0.098019
197	    -10.49902	    -0.097341
198	    -10.48633	    -0.096652
199	    -10.47363	    -0.095952
200	    -10.46094	    -0.095241
201	    -10.44824	    -0.094520
202	    -10.43555	    -0.093788
203	    -10.42285	    -0.093046
204	    -10.41016	    -0.092293
205	    -10.39746	    -0.091530
206	    -10.38477	    -0.090756
207	    -10.37207	    -0.089972
208	    -10.35938	    -0.089178
209	    -10.34668	    -0.088373
210	    -10.33398	    -0.087558
211	    -10.32129	    -0.086733
212	    -10.30859	    -0.085898
213	    -10.29590	    -0.085053
214	    -10.28320	    -0.084198
215	    -10.27051	    -0.083333
216	    -10.25781	    -0.082458
217	    -10.24512	    -0.081574
218	    -10.23242	    -0.080679
219	    -10.21973	    -0.079775
220	    -10.20703	    -0.078861
221	    -10.19434	    -0.077938
222	    -10.18164	    -0.077005
223	    -10.16895	    -0.076063
224	    -10.15625	    -0.075112
225	    -10.14355	    -0.074152
226	    -10.13086	    -0.073182
227	    -10.11816	    -0.072204
228	    -10.10547	    -0.071216
229	    -10.09277	    -0.070220
230	    -10.08008	    -0.069215
231	    -10.06738	    -0.068201
232	    -10.05469	    -0.067178
233	    -10.04199	    -0.066147
234	    -10.02930	    -0.065108
235	    -10.01660	    -0.064060
236	    -10.00391	    -0.063004
237	     -9.99121	    -0.061940
238	     -9.97852	    -0.060868
239	     -9.96582	    -0.059788
240	     -9.95313	    -0.058699
241	     -9.94043	    -0.057603
242	     -9.92773	    -0.056499
243	     -9.91504	    -0.055388
244	     -9.90234	    -0.054268
245	     -9.88965	    -0.053142
246	     -9.87695	    -0.052007
247	     -9.86426	    -0.050866
248	     -9.85156	    -0.049717
249	     -9.83887	    -0.048561
250	     -9.82617	    -0.047398
251	     -9.81348	    -0.046228
252	     -9.80078	    -0.045051
253	     -9.78809	    -0.043867
254	     -9.77539	    -0.042677
255	     -9.76270	    -0.041480
256	     -9.75000	    -0.040277
257	     -9.73730	    -0.039068
258	     -9.72461	    -0.037852
259	     -9.71191	    -0.036630
260	     -9.69922	    -0.035403
261	     -9.68652	    -0.034169
262	     -9.67383	    -0.032929
263	     -9.66113	    -0.031684
264	     -9.64844	    -0.030434
265	     -9.63574	    -0.029178
266	     -9.62305	    -0.027916
267	     -9.61035	    -0.026650
268	     -9.59766	    -0.025378
269	     -9.58496	    -0.024101
270	     -9.57227	    -0.022820
271	     -9.55957	    -0.021533
272	     -9.54688	    -0.020242
273	     -9.53418	    -0.018946
274	     -9.52148	    -0.017646
275	     -9.50879	    -0.016342
276	     -9.49609	    -0.015033
277	     -9.48340	    -0.013720
278	     -9.47070	    -0.012403
279	     -9.45801	    -0.011082
280	     -9.44531	    -0.009758
281	     -9.43262	    -0.008429
282	     -9.41992	    -0.007097
283	     -9.40723	    -0.005762
284	     -9.39453	    -0.004423
285	     -9.38184	    -0.003081
286	     -9.36914	    -0.001736
287	     -9.35645	    -0.000389
288	     -9.34375	     0.000962
289	     -9.33105	     0.002316
290	     -9.31836	     0.003672
291	     -9.30566	     0.005030
292	     -9.29297	     0.006391
293	     -9.28027	     0.007754
294	     -9.26758	     0.009119
295	     -9.25488	     0.010486
296	     -9.24219	     0.011855
297	     -9.22949	     0.013225
298	     -9.21680	     0.014597
299	     -9.20410	     0.015971
300	     -9.19141	     0.017346
301	     -9.17871	     0.018722
302	     -9.16602	     0.020100
303	     -9.15332	     0.021478
304	     -9.14063	     0.022857
305	     -9.12793	     0.024237
306	     -9.11523	     0.025617
307	     -9.10254	     0.026998
308	     -9.08984	     0.028380
309	     -9.07715	     0.029761
310	     -9.06445	     0.031143
311	     -9.05176	     0.032525
312	     -9.03906	     0.033907
313	     -9.02637	     0.035288
314	     -9.01367	     0.036669
315	     -9.00098	     0.038049
316	     -8.98828	     0.039429
317	     -8.97559	     0.040808
318	     -8.96289	     0.042187
319	     -8.95020	     0.043564
320	     -8.93750	     0.044940
321	     -8.92480	     0.046315
322	     -8.91211	     0.047688
323	     -8.89941	     0.049060
324	     -8.88672	     0.050431
325	     -8.87402	     0.051799
326	     -8.86133	     0.053166
327	     -8.84863	     0.054531
328	     -8.83594	     0.055893
329	     -8.82324	     0.057254
330	     -8.81055	     0.058612
331	     -8.79785	     0.059967
332	     -8.78516	     0.061320
333	     -8.77246	     0.062670
334	     -8.75977	     0.064018
335	     -8.74707	     0.065362
336	     -8.73438	     0.066703
337	     -8.72168	     0.068041
338	     -8.70898	     0.069376
339	     -8.69629	     0.070707
340	     -8.68359	     0.072034
341	     -8.67090	     0.073358
342	     -8.65820	     0.074678
343	     -8.64551	     0.075994
344	     -8.63281	     0.077306
345	     -8.62012	     0.078613
346	     -8.60742	     0.079917
347	     -8.59473	     0.081215
348	     -8.58203	     0.082510
349	     -8.56934	     0.083800
350	     -8.55664	     0.085085
351	     -8.54395	     0.086365
352	     -8.53125	     0.087640
353	     -8.51855	     0.088910
354	     -8.50586	     0.090174
355	     -8.49316	     0.091434
356	     -8.48047	     0.092688
357	     -8.46777	     0.093936
358	     -8.45508	     0.095179
359	     -8.44238	     0.096416
360	     -8.42969	     0.097647
361	     -8.41699	     0.098873
362	     -8.40430	     0.100092
363	     -8.39160	     0.101304
364	     -8.37891	     0.102511
365	     -8.36621	     0.103711
366	     -8.35352	     0.104904
367	     -8.34082	     0.106091
368	     -8.32813	     0.107271
369	     -8.31543	     0.108444
370	     -8.30273	     0.109610
371	     -8.29004	     0.110769
372	     -8.27734	     0.111920
373	     -8.26465	     0.113065
374	     -8.25195	     0.114201
375	     -8.23926	     0.115331
376	     -8.22656	     0.116452
377	     -8.21387	     0.117566
378	     -8.20117	     0.118673
379	     -8.18848	     0.119771
380	     -8.17578	     0.120861
381	     -8.16309	     0.121943
382	     -8.15039	     0.123018
383	     -8.13770	     0.124084
384	     -8.12500	     0.125141
385	     -8.11230	     0.126190
386	     -8.09961	     0.127231
387	     -8.08691	     0.128263
388	     -8.07422	     0.129286
389	     -8.06152	     0.130301
390	     -8.04883	     0.131307
391	     -8.03613	     0.132303
392	     -8.02344	     0.133291
393	     -8.01074	     0.134270
394	     -7.99805	     0.135239
395	     -7.98535	     0.136199
396	     -7.97266	     0.137150
397	     -7.95996	     0.138091
398	     -7.94727	     0.139022
399	     -7.93457	     0.139944
400	     -7.92188	     0.140856
401	     -7.90918	     0.141759
402	     -7.89648	     0.142651
403	     -7.88379	     0.143533
404	     -7.87109	     0.144406
405	     -7.85840	     0.145268
406	     -7.84570	     0.146119
407	     -7.83301	     0.146961
408	     -7.82031	     0.147792
409	     -7.80762	     0.148613
410	     -7.79492	     0.149424
411	     -7.78223	     0.150224
412	     -7.76953	     0.151013
413	     -7.75684	     0.151792
414	     -7.74414	     0.152560
415	     -7.73145	     0.153318
416	     -7.71875	     0.154064
417	     -7.70605	     0.154800
418	     -7.69336	     0.155525
419	     -7.68066	     0.156239
420	     -7.66797	     0.156942
421	     -7.65527	     0.157634
422	     -7.64258	     0.158315
423	     -7.62988	     0.158985
424	     -7.61719	     0.159643
425	     -7.60449	     0.160291
426	     -7.59180	     0.160927
427	     -7.57910	     0.161551
428	     -7.56641	     0.162164
429	     -7.55371	     0.162766
430	     -7.54102	     0.163356
431	     -7.52832	     0.163934
432	     -7.51563	     0.164501
433	     -7.50293	     0.165056
434	     -7.49023	     0.165599
435	     -7.47754	     0.166130
436	     -7.46484	     0.166650
437	     -7.45215	     0.167158
438	     -7.43945	     0.167654
439	     -7.42676	     0.168138
440	     -7.41406	     0.168610
441	     -7.40137	     0.169070
442	     -7.38867	     0.169518
443	     -7.37598	     0.169955
444	     -7.36328	     0.170379
445	     -7.35059	     0.170791
446	     -7.33789	     0.171192
447	     -7.32520	     0.171580
448	     -7.31250	     0.171956
449	     -7.29980	     0.172321
450	     -7.28711	     0.172673
451	     -7.27441	     0.173013
452	     -7.26172	     0.173341
453	     -7.24902	     0.173657
454	     -7.23633	     0.173961
455	     -7.22363	     0.174253
456	     -7.21094	     0.174532
457	     -7.19824	     0.174799
458	     -7.18555	     0.175054
459	     -7.17285	     0.175297
460	     -7.16016	     0.175528
461	     -7.14746	     0.175746
462	     -7.13477	     0.175953
463	     -7.12207	     0.176147
464	     -7.10938	     0.176328
465	     -7.09668	     0.176497
466	     -7.08398	     0.176654
467	     -7.07129	     0.176799
468	     -7.05859	     0.176931
469	     -7.04590	     0.177052
470	     -7.03320	     0.177160
471	     -7.02051	     0.177255
472	     -7.00781	     0.177339
473	     -6.99512	     0.177410
474	     -6.98242	     0.177470
475	     -6.96973	     0.177517
476	     -6.95703	     0.177552
477	     -6.94434	     0.177576
478	     -6.93164	     0.177587
479	     -6.91895	     0.177586
480	     -6.90625	     0.177573
481	     -6.89355	     0.177548
482	     -6.88086	     0.177512
483	     -6.86816	     0.177463
484	     -6.85547	     0.177403
485	     -6.84277	     0.177330
486	     -6.83008	     0.177246
487	     -6.81738	     0.177150
488	     -6.80469	     0.177043
489	     -6.79199	     0.176923
490	     -6.77930	     0.176792
491	     -6.76660	     0.176649
492	     -6.75391	     0.176495
493	     -6.74121	     0.176329
494	     -6.72852	     0.176151
495	     -6.71582	     0.175962
496	     -6.70313	     0.175761
497	     -6.69043	     0.175548
498	     -6.67773	     0.175324
499	     -6.66504	     0.175089
500	     -6.65234	     0.174842
501	     -6.63965	     0.174584
502	     -6.62695	     0.174315
503	     -6.61426	     0.174034
504	     -6.60156	     0.173743
505	     -6.58887	     0.173440
506	     -6.57617	     0.173127
507	     -6.56348	     0.172802
508	     -6.55078	     0.172467
509	     -6.53809	     0.172121
510	     -6.52539	     0.171764
511	     -6.51270	     0.171397
512	     -6.50000	     0.171019
513	     -6.48730	     0.170630
514	     -6.47461	     0.170231
515	     -6.46191	     0.169822
516	     -6.44922	     0.169402
517	     -6.43652	     0.168972
518	     -6.42383	     0.168532
519	     -6.41113	     0.168081
520	     -6.39844	     0.167621
521	     -6.38574	     0.167150
522	     -6.37305	     0.166669
523	     -6.36035	     0.166179
524	     -6.34766	     0.165679
525	     -6.33496	     0.165169
526	     -6.32227	     0.164649
527	     -6.30957	     0.164119
528	     -6.29688	     0.163580
529	     -6.28418	     0.163032
530	     -6.27148	     0.162474
531	     -6.25879	     0.161906
532	     -6.24609	     0.161330
533	     -6.23340	     0.160744
534	     -6.22070	     0.160150
535	     -6.20801	     0.159546
536	     -6.19531	     0.158934
537	     -6.18262	     0.158313
538	     -6.16992	     0.157683
539	     -6.15723	     0.157045
540	     -6.14453	     0.156398
541	     -6.13184	     0.155743
542	     -6.11914	     0.155079
543	     -6.10645	     0.154408
544	     -6.09375	     0.153728
545	     -6.08105	     0.153040
546	     -6.06836	     0.152345
547	     -6.05566	     0.151641
548	     -6.04297	     0.150930
549	     -6.03027	     0.150212
550	     -6.01758	     0.149485
551	     -6.00488	     0.148752
552	     -5.99219	     0.148011
553	     -5.97949	     0.147262
554	     -5.96680	     0.146507
555	     -5.95410	     0.145744
556	     -5.94141	     0.144975
557	     -5.92871	     0.144199
558	     -5.91602	     0.143415
559	     -5.90332	     0.142626
560	     -5.89063	     0.141829
561	     -5.87793	     0.141026
562	     -5.86523	     0.140217
563	     -5.85254	     0.139402
564	     -5.83984	     0.138580
565	     -5.82715	     0.137753
566	     -5.81445	     0.136920
567	     -5.80176	     0.136080
568	     -5.78906	     0.135236
569	     -5.77637	     0.134385
570	     -5.76367	     0.133530
571	     -5.75098	     0.132668
572	     -5.73828	     0.131802
573	     -5.72559	     0.130931
574	     -5.71289	     0.130054
575	     -5.70020	     0.129173
576	     -5.68750	     0.128287
577	     -5.67480	     0.127397
578	     -5.66211	     0.126502
579	     -5.64941	     0.125602
580	     -5.63672	     0.124698
581	     -5.62402	     0.123790
582	     -5.61133	     0.122878
583	     -5.59863	     0.121962
584	     -5.58594	     0.121042
585	     -5.57324	     0.120119
586	     -5.56055	     0.119192
587	     -5.54785	     0.118261
588	     -5.53516	     0.117327
589	     -5.52246	     0.116389
590	     -5.50977	     0.115449
591	     -5.49707	     0.114505
592	     -5.48438	     0.113559
593	     -5.47168	     0.112610
594	     -5.45898	     0.111658
595	     -5.44629	     0.110703
596	     -5.43359	     0.109747
597	     -5.42090	     0.108787
598	     -5.40820	     0.107826
599	     -5.39551	     0.106863
600	     -5.38281	     0.105897
601	     -5.37012	     0.104930
602	     -5.35742	     0.103961
603	     -5.34473	     0.102991
604	     -5.33203	     0.102019
605	     -5.31934	     0.101045
606	     -5.30664	     0.100071
607	     -5.29395	     0.099095
608	     -5.28125	     0.098119
609	     -5.26855	     0.097141
610	     -5.25586	     0.096163
611	     -5.24316	     0.095184
612	     -5.23047	     0.094205
613	     -5.21777	     0.093225
614	     -5.20508	     0.092245
615	     -5.19238	     0.091265
616	     -5.17969	     0.090285
617	     -5.16699	     0.089305
618	     -5.15430	     0.088325
619	     -5.14160	     0.087346
620	     -5.12891	     0.086367
621	     -5.11621	     0.085389
622	     -5.10352	     0.084411
623	     -5.09082	     0.083434
624	     -5.07813	     0.082458
625	     -5.06543	     0.081483
626	     -5.05273	     0.080510
627	     -5.04004	     0.079537
628	     -5.02734	     0.078566
629	     -5.01465	     0.077597
630	     -5.00195	     0.076629
631	     -4.98926	     0.075663
632	     -4.97656	     0.074699
633	     -4.96387	     0.073736
634	     -4.95117	     0.072776
635	     -4.93848	     0.071818
636	     -4.92578	     0.070862
637	     -4.91309	     0.069909
638	     -4.90039	     0.068958
639	     -4.88770	     0.068010
640	     -4.87500	     0.067064
641	     -4.86230	     0.066122
642	     -4.84961	     0.065182
643	     -4.83691	     0.064246
644	     -4.82422	     0.063313
645	     -4.81152	     0.062383
646	     -4.79883	     0.061456
647	     -4.78613	     0.060533
648	     -4.77344	     0.059614
649	     -4.76074	     0.058699
650	     -4.74805	     0.057787
651	     -4.73535	     0.056880
652	     -4.72266	     0.055976
653	     -4.70996	     0.055077
654	     -4.69727	     0.054183
655	     -4.68457	     0.053292
656	     -4.67188	     0.052406
657	     -4.65918	     0.051525
658	     -4.64648	     0.050648
659	     -4.63379	     0.049777
660	     -4.62109	     0.048910
661	     -4.60840	     0.048048
662	     -4.59570	     0.047191
663	     -4.58301	     0.046339
664	     -4.57031	     0.045493
665	     -4.55762	     0.044652
666	     -4.54492	     0.043816
667	     -4.53223	     0.042986
668	     -4.51953	     0.042162
669	     -4.50684	     0.041343
670	     -4.49414	     0.040530
671	     -4.48145	     0.039723
672	     -4.46875	     0.038922
673	     -4.45605	     0.038128
674	     -4.44336	     0.037339
675	     -4.43066	     0.036557
676	     -4.41797	     0.035781
677	     -4.40527	     0.035012
678	     -4.39258	     0.034249
679	     -4.37988	     0.033493
680	     -4.36719	     0.032744
681	     -4.35449	     0.032001
682	     -4.34180	     0.031266
683	     -4.32910	     0.030538
684	     -4.31641	     0.029816
685	     -4.30371	     0.029102
686	     -4.29102	     0.028396
687	     -4.27832	     0.027696
688	     -4.26563	     0.027004
689	     -4.25293	     0.026320
690	     -4.24023	     0.025643
691	     -4.22754	     0.024973
692	     -4.21484	     0.024311
693	     -4.20215	     0.023657
694	     -4.18945	     0.023011
695	     -4.17676	     0.022372
696	     -4.16406	     0.021742
697	     -4.15137	     0.021119
698	     -4.13867	     0.020505
699	     -4.12598	     0.019898
700	     -4.11328	     0.019300
701	     -4.10059	     0.018710
702	     -4.08789	     0.018128
703	     -4.07520	     0.017554
704	     -4.06250	     0.016989
705	     -4.04980	     0.016433
706	     -4.03711	     0.015885
707	     -4.02441	     0.015346
708	     -4.01172	     0.014815
709	     -3.99902	     0.014293
710	     -3.98633	     0.013780
711	     -3.97363	     0.013276
712	     -3.96094	     0.012780
713	     -3.94824	     0.012294
714	     -3.93555	     0.011817
715	     -3.92285	     0.011349
716	     -3.91016	     0.010890
717	     -3.89746	     0.010440
718	     -3.88477	     0.009999
719	     -3.87207	     0.009568
720	     -3.85938	     0.009146
721	     -3.84668	     0.008733
722	     -3.83398	     0.008329
723	     -3.82129	     0.007935
724	     -3.80859	     0.007550
725	     -3.79590	     0.007174
726	     -3.78320	     0.006808
727	     -3.77051	     0.006451
728	     -3.75781	     0.006104
729	     -3.74512	     0.005766
730	     -3.73242	     0.005438
731	     -3.71973	     0.005119
732	     -3.70703	     0.004810
733	     -3.69434	     0.004511
734	     -3.68164	     0.004221
735	     -3.66895	     0.003940
736	     -3.65625	     0.003670
737	     -3.64355	     0.003409
738	     -3.63086	     0.003158
739	     -3.61816	     0.002916
740	     -3.60547	     0.002685
741	     -3.59277	     0.002463
742	     -3.58008	     0.002251
743	     -3.56738	     0.002049
744	     -3.55469	     0.001857
745	     -3.54199	     0.001675
746	     -3.52930	     0.001502
747	     -3.51660	     0.001340
748	     -3.50391	     0.001187
749	     -3.49121	     0.001045
750	     -3.47852	     0.000912
751	     -3.46582	     0.000789
752	     -3.45313	     0.000676
753	     -3.44043	     0.000573
754	     -3.42773	     0.000480
755	     -3.41504	     0.000396
756	     -3.40234	     0.000322
757	     -3.38965	     0.000259
758	     -3.37695	     0.000204
759	     -3.36426	     0.000160
760	     -3.35156	     0.000126
761	     -3.33887	     0.000101
762	     -3.32617	     0.000086
763	     -3.31348	     0.000080
764	     -3.30078	     0.000084
765	     -3.28809	     0.000098
766	     -3.27539	     0.000122
767	     -3.26270	     0.000156
768	     -3.25000	     0.000199
769	     -3.23730	     0.000251
770	     -3.22461	     0.000314
771	     -3.21191	     0.000386
772	     -3.19922	     0.000467
773	     -3.18652	     0.000558
774	     -3.17383	     0.000659
775	     -3.16113	     0.000770
776	     -3.14844	     0.000889
777	     -3.13574	     0.001019
778	     -3.12305	     0.001158
779	     -3.11035	     0.001306
780	     -3.09766	     0.001464
781	     -3.08496	     0.001631
782	     -3.07227	     0.001807
783	     -3.05957	     0.001993
784	     -3.04688	     0.002188
785	     -3.03418	     0.002392
786	     -3.02148	     0.002605
787	     -3.00879	     0.002827
788	     -2.99609	     0.003058
789	     -2.98340	     0.003298
790	     -2.97070	     0.003547
791	     -2.95801	     0.003804
792	     -2.94531	     0.004071
793	     -2.93262	     0.004346
794	     -2.91992	     0.004630
795	     -2.90723	     0.004922
796	     -2.89453	     0.005224
797	     -2.88184	     0.005533
798	     -2.86914	     0.005852
799	     -2.85645	     0.006178
800	     -2.84375	     0.006513
801	     -2.83105	     0.006857
802	     -2.81836	     0.007208
803	     -2.80566	     0.007568
804	     -2.79297	     0.007936
805	     -2.78027	     0.008313
806	     -2.76758	     0.008697
807	     -2.75488	     0.009089
808	     -2.74219	     0.009490
809	     -2.72949	     0.009898
810	     -2.71680	     0.010314
811	     -2.70410	     0.010738
812	     -2.69141	     0.011170
813	     -2.67871	     0.011609
814	     -2.66602	     0.012056
815	     -2.65332	     0.012510
816	     -2.64063	     0.012971
817	     -2.62793	     0.013440
818	     -2.61523	     0.013916
819	     -2.60254	     0.014399
820	     -2.58984	     0.014889
821	     -2.57715	     0.015386
822	     -2.56445	     0.015889
823	     -2.55176	     0.016400
824	     -2.53906	     0.016917
825	     -2.52637	     0.017441
826	     -2.51367	     0.017972
827	     -2.50098	     0.018509
828	     -2.48828	     0.019052
829	     -2.47559	     0.019602
830	     -2.46289	     0.020158
831	     -2.45020	     0.020720
832	     -2.43750	     0.021288
833	     -2.42480	     0.021862
834	     -2.41211	     0.022442
835	     -2.39941	     0.023028
836	     -2.38672	     0.023619
837	     -2.37402	     0.024216
838	     -2.36133	     0.024819
839	     -2.34863	     0.025428
840	     -2.33594	     0.026041
841	     -2.32324	     0.026660
842	     -2.31055	     0.027284
843	     -2.29785	     0.027914
844	     -2.28516	     0.028548
845	     -2.27246	     0.029187
846	     -2.25977	     0.029831
847	     -2.24707	     0.030480
848	     -2.23438	     0.031133
849	     -2.22168	     0.031791
850	     -2.20898	     0.032453
851	     -2.19629	     0.033120
852	     -2.18359	     0.033790
853	     -2.17090	     0.034465
854	     -2.15820	     0.035144
855	     -2.14551	     0.035826
856	     -2.13281	     0.036513
857	     -2.12012	     0.037203
858	     -2.10742	     0.037897
859	     -2.09473	     0.038594
860	     -2.08203	     0.039294
861	     -2.06934	     0.039998
862	     -2.05664	     0.040705
863	     -2.04395	     0.041416
864	     -2.03125	     0.042129
865	     -2.01855	     0.042845
866	     -2.00586	     0.043564
867	     -1.99316	     0.044285
868	     -1.98047	     0.045009
869	     -1.96777	     0.045736
870	     -1.95508	     0.046465
871	     -1.94238	     0.047196
872	     -1.92969	     0.047930
873	     -1.91699	     0.048665
874	     -1.90430	     0.049403
875	     -1.89160	     0.050142
876	     -1.87891	     0.050883
877	     -1.86621	     0.051626
878	     -1.85352	     0.052370
879	     -1.84082	     0.053116
880	     -1.82813	     0.053863
881	     -1.81543	     0.054611
882	     -1.80273	     0.055360
883	     -1.79004	     0.056110
884	     -1.77734	     0.056861
885	     -1.76465	     0.057613
886	     -1.75195	     0.058366
887	     -1.73926	     0.059119
888	     -1.72656	     0.059872
889	     -1.71387	     0.060626
890	     -1.70117	     0.061380
891	     -1.68848	     0.062134
892	     -1.67578	     0.062889
893	     -1.66309	     0.063643
894	     -1.65039	     0.064397
895	     -1.63770	     0.065150
896	     -1.62500	     0.065903
897	     -1.61230	     0.066656
898	     -1.59961	     0.067408
899	     -1.58691	     0.068159
900	     -1.57422	     0.068910
901	     -1.56152	     0.069659
902	     -1.54883	     0.070408
903	     -1.53613	     0.071155
904	     -1.52344	     0.071901
905	     -1.51074	     0.072646
906	     -1.49805	     0.073389
907	     -1.48535	     0.074130
908	     -1.47266	     0.074870
909	     -1.45996	     0.075608
910	     -1.44727	     0.076345
911	     -1.43457	     0.077079
912	     -1.42188	     0.077811
913	     -1.40918	     0.078541
914	     -1.39648	     0.079269
915	     -1.38379	     0.079994
916	     -1.37109	     0.080717
917	     -1.35840	     0.081437
918	     -1.34570	     0.082155
919	     -1.33301	     0.082870
920	     -1.32031	     0.083582
921	     -1.30762	     0.084290
922	     -1.29492	     0.084996
923	     -1.28223	     0.085699
924	     -1.26953	     0.086398
925	     -1.25684	     0.087094
926	     -1.24414	     0.087786
927	     -1.23145	     0.088475
928	     -1.21875	     0.089160
929	     -1.20605	     0.089841
930	     -1.19336	     0.090519
931	     -1.18066	     0.091192
932	     -1.16797	     0.091861
933	     -1.15527	     0.092526
934	     -1.14258	     0.093187
935	     -1.12988	     0.093843
936	     -1.11719	     0.094495
937	     -1.10449	     0.095142
938	     -1.09180	     0.095785
939	     -1.07910	     0.096423
940	     -1.06641	     0.097056
941	     -1.05371	     0.097685
942	     -1.04102	     0.098308
943	     -1.02832	     0.098926
944	     -1.01563	     0.099540
945	     -1.00293	     0.100148
946	     -0.99023	     0.100750
947	     -0.97754	     0.101348
948	     -0.96484	     0.101940
949	     -0.95215	     0.102526
950	     -0.93945	     0.103107
951	     -0.92676	     0.103682
952	     -0.91406	     0.104251
953	     -0.90137	     0.104815
954	     -0.88867	     0.105372
955	     -0.87598	     0.105923
956	     -0.86328	     0.106469
957	     -0.85059	     0.107008
958	     -0.83789	     0.107541
959	     -0.82520	     0.108067
960	     -0.81250	     0.108587
961	     -0.79980	     0.109100
962	     -0.78711	     0.109607
963	     -0.77441	     0.110107
964	     -0.76172	     0.110601
965	     -0.74902	     0.111087
966	     -0.73633	     0.111567
967	     -0.72363	     0.112039
968	     -0.71094	     0.112505
969	     -0.69824	     0.112964
970	     -0.68555	     0.113416
971	     -0.67285	     0.113860
972	     -0.66016	     0.114297
973	     -0.64746	     0.114727
974	     -0.63477	     0.115150
975	     -0.62207	     0.115566
976	     -0.60938	     0.115974
977	     -0.59668	     0.116374
978	     -0.58398	     0.116767
979	     -0.57129	     0.117152
980	     -0.55859	     0.117530
981	     -0.54590	     0.117900
982	     -0.53320	     0.118263
983	     -0.52051	     0.118617
984	     -0.50781	     0.118964
985	     -0.49512	     0.119303
986	     -0.48242	     0.119633
987	     -0.46973	     0.119956
988	     -0.45703	     0.120271
989	     -0.44434	     0.120578
990	     -0.43164	     0.120876
991	     -0.41895	     0.121166
992	     -0.40625	     0.121448
993	     -0.39355	     0.121722
994	     -0.38086	     0.121987
995	     -0.36816	     0.122244
996	     -0.35547	     0.122492
997	     -0.34277	     0.122732
998	     -0.33008	     0.122963
999	     -0.31738	     0.123186
1000	     -0.30469	     0.123401
1001	     -0.29199	     0.123607
1002	     -0.27930	     0.123804
1003	     -0.26660	     0.123993
1004	     -0.25391	     0.124173
1005	     -0.24121	     0.124344
1006	     -0.22852	     0.124507
1007	     -0.21582	     0.124662
1008	     -0.20313	     0.124807
1009	     -0.19043	     0.124944
1010	     -0.17773	     0.125073
1011	     -0.16504	     0.125192
1012	     -0.15234	     0.125303
1013	     -0.13965	     0.125405
1014	     -0.12695	     0.125498
1015	     -0.11426	     0.125583
1016	     -0.10156	     0.125658
1017	     -0.08887	     0.125725
1018	     -0.07617	     0.125783
1019	     -0.06348	     0.125832
1020	     -0.05078	     0.125873
1021	     -0.03809	     0.125904
1022	     -0.02539	     0.125926
1023	     -0.01270	     0.125940
1024	      0.00000	     0.125944
1025	      0.01270	     0.125940
1026	      0.02539	     0.125926
1027	      0.03809	     0.125904
1028	      0.05078	     0.125873
1029	      0.06348	     0.125832
1030	      0.07617	     0.125783
1031	      0.08887	     0.125725
1032	      0.10156	     0.125658
1033	      0.11426	     0.125583
1034	      0.12695	     0.125498
1035	      0.13965	     0.125405
1036	      0.15234	     0.125303
1037	      0.16504	     0.125192
1038	      0.17773	     0.125073
1039	      0.19043	     0.124944
1040	      0.20313	     0.124807
1041	      0.21582	     0.124662
1042	      0.22852	     0.124507
1043	      0.24121	     0.124344
1044	      0.25391	     0.124173
1045	      0.26660	     0.123993
1046	      0.27930	     0.123804
1047	      0.29199	     0.123607
1048	      0.30469	     0.123401
1049	      0.31738	     0.123186
1050	      0.33008	     0.122963
1051	      0.34277	     0.122732
1052	      0.35547	     0.122492
1053	      0.36816	     0.122244
1054	      0.38086	     0.121987
1055	      0.39355	     0.121722
1056	      0.40625	     0.121448
1057	      0.41895	     0.121166
1058	      0.43164	     0.120876
1059	      0.44434	     0.120578
1060	      0.45703	     0.120271
1061	      0.46973	     0.119956
1062	      0.48242	     0.119633
1063	      0.49512	     0.119303
1064	      0.50781	     0.118964
1065	      0.52051	     0.118617
1066	      0.53320	     0.118263
1067	      0.54590	     0.117900
1068	      0.55859	     0.117530
1069	      0.57129	     0.117152
1070	      0.58398	     0.116767
1071	      0.59668	     0.116374
1072	      0.60938	     0.115974
1073	      0.62207	     0.115566
1074	      0.63477	     0.115150
1075	      0.64746	     0.114727
1076	      0.66016	     0.114297
1077	      0.67285	     0.113860
1078	      0.68555	     0.113416
1079	      0.69824	     0.112964
1080	      0.71094	     0.112505
1081	      0.72363	     0.112039
1082	      0.73633	     0.111567
1083	      0.74902	     0.111087
1084	      0.76172	     0.110601
1085	      0.77441	     0.110107
1086	      0.78711	     0.109607
1087	      0.79980	     0.109100
1088	      0.81250	     0.108587
1089	      0.82520	     0.108067
1090	      0.83789	     0.107541
1091	      0.85059	     0.107008
1092	      0.86328	     0.106469
1093	      0.87598	     0.105923
1094	      0.88867	     0.105372
1095	      0.90137	     0.104815
1096	      0.91406	     0.104251
1097	      0.92676	     0.103682
1098	      0.93945	     0.103107
1099	      0.95215	     0.102526
1100	      0.96484	     0.101940
1101	      0.97754	     0.101348
1102	      0.99023	     0.100750
1103	      1.00293	     0.100148
1104	      1.01563	     0.099540
1105	      1.02832	     0.098926
1106	      1.04102	     0.098308
1107	      1.05371	     0.097685
1108	      1.06641	     0.097056
1109	      1.07910	     0.096423
1110	      1.09180	     0.095785
1111	      1.10449	     0.095142
1112	      1.11719	     0.094495
1113	      1.12988	     0.093843
1114	      1.14258	     0.093187
1115	      1.15527	     0.092526
1116	      1.16797	     0.091861
1117	      1.18066	     0.091192
1118	      1.19336	     0.090519
1119	      1.20605	     0.089841
1120	      1.21875	     0.089160
1121	      1.23145	     0.088475
1122	      1.24414	     0.087786
1123	      1.25684	     0.087094
1124	      1.26953	     0.086398
1125	      1.28223	     0.085699
1126	      1.29492	     0.084996
1127	      1.30762	     0.084290
1128	      1.32031	     0.083582
1129	      1.33301	     0.082870
1130	      1.34570	     0.082155
1131	      1.35840	     0.081437
1132	      1.37109	     0.080717
1133	      1.38379	     0.079994
1134	      1.39648	     0.079269
1135	      1.40918	     0.078541
1136	      1.42188	     0.077811
1137	      1.43457	     0.077079
1138	      1.44727	     0.076345
1139	      1.45996	     0.075608
1140	      1.47266	     0.074870
1141	      1.48535	     0.074130
1142	      1.49805	     0.073389
1143	      1.51074	     0.072646
1144	      1.52344	     0.071901
1145	      1.53613	     0.071155
1146	      1.54883	     0.070408
1147	      1.56152	     0.069659
1148	      1.57422	     0.068910
1149	      1.58691	     0.068159
1150	      1.59961	     0.067408
1151	      1.61230	     0.066656
1152	      1.62500	     0.065903
1153	      1.63770	     0.065150
1154	      1.65039	     0.064397
1155	      1.66309	     0.063643
1156	      1.67578	     0.062889
1157	      1.68848	     0.062134
1158	      1.70117	     0.061380
1159	      1.71387	     0.060626
1160	      1.72656	     0.059872
1161	      1.73926	     0.059119
1162	      1.75195	     0.058366
1163	      1.76465	     0.057613
1164	      1.77734	     0.056861
1165	      1.79004	     0.056110
1166	      1.80273	     0.055360
1167	      1.81543	     0.054611
1168	      1.82813	     0.053863
1169	      1.84082	     0.053116
1170	      1.85352	     0.052370
1171	      1.86621	     0.051626
1172	      1.87891	     0.050883
1173	      1.89160	     0.050142
1174	      1.90430	     0.049403
1175	      1.91699	     0.048665
1176	      1.92969	     0.047930
1177	      1.94238	     0.047196
1178	      1.95508	     0.046465
1179	      1.96777	     0.045736
1180	      1.98047	     0.045009
1181	      1.99316	     0.044285
1182	      2.00586	     0.043564
1183	      2.01855	     0.042845
1184	      2.03125	     0.042129
1185	      2.04395	     0.041416
1186	      2.05664	     0.040705
1187	      2.06934	     0.039998
1188	      2.08203	     0.039294
1189	      2.09473	     0.038594
1190	      2.10742	     0.037897
1191	      2.12012	     0.037203
1192	      2.13281	     0.036513
1193	      2.14551	     0.035826
1194	      2.15820	     0.035144
1195	      2.17090	     0.034465
1196	      2.18359	     0.033790
1197	      2.19629	     0.033120
1198	      2.20898	     0.032453
1199	      2.22168	     0.031791
1200	      2.23438	     0.031133
1201	      2.24707	     0.030480
1202	      2.25977	     0.029831
1203	      2.27246	     0.029187
1204	      2.28516	     0.028548
1205	      2.29785	     0.027914
1206	      2.31055	     0.027284
1207	      2.32324	     0.026660
1208	      2.33594	     0.026041
1209	      2.34863	     0.025428
1210	      2.36133	     0.024819
1211	      2.37402	     0.024216
1212	      2.38672	     0.023619
1213	      2.39941	     0.023028
1214	      2.41211	     0.022442
1215	      2.42480	     0.021862
1216	      2.43750	     0.021288
1217	      2.45020	     0.020720
1218	      2.46289	     0.020158
1219	      2.47559	     0.019602
1220	      2.48828	     0.019052
1221	      2.50098	     0.018509
1222	      2.51367	     0.017972
1223	      2.52637	     0.017441
1224	      2.53906	     0.016917
1225	      2.55176	     0.016400
1226	      2.56445	     0.015889
1227	      2.57715	     0.015386
1228	      2.58984	     0.014889
1229	      2.60254	     0.014399
1230	      2.61523	     0.013916
1231	      2.62793	     0.013440
1232	      2.64063	     0.012971
1233	      2.65332	     0.012510
1234	      2.66602	     0.012056
1235	      2.67871	     0.011609
1236	      2.69141	     0.011170
1237	      2.70410	     0.010738
1238	      2.71680	     0.010314
1239	      2.72949	     0.009898
1240	      2.74219	     0.009490
1241	      2.75488	     0.009089
1242	      2.76758	     0.008697
1243	      2.78027	     0.008313
1244	      2.79297	     0.007936
1245	      2.80566	     0.007568
1246	      2.81836	     0.007208
1247	      2.83105	     0.006857
1248	      2.84375	     0.006513
1249	      2.85645	     0.006178
1250	      2.86914	     0.005852
1251	      2.88184	     0.005533
1252	      2.89453	     0.005224
1253	      2.90723	     0.004922
1254	      2.91992	     0.004630
1255	      2.93262	     0.004346
1256	      2.94531	     0.004071
1257	      2.95801	     0.003804
1258	      2.97070	     0.003547
1259	      2.98340	     0.003298
1260	      2.99609	     0.003058
1261	      3.00879	     0.002827
1262	      3.02148	     0.002605
1263	      3.03418	     0.002392
1264	      3.04688	     0.002188
1265	      3.05957	     0.001993
1266	      3.07227	     0.001807
1267	      3.08496	     0.001631
1268	      3.09766	     0.001464
1269	      3.11035	     0.001306
1270	      3.12305	     0.001158
1271	      3.13574	     0.001019
1272	      3.14844	     0.000889
1273	      3.16113	     0.000770
1274	      3.17383	     0.000659
1275	      3.18652	     0.000558
1276	      3.19922	     0.000467
1277	      3.21191	     0.000386
1278	      3.22461	     0.000314
1279	      3.23730	     0.000251
1280	      3.25000	     0.000199
1281	      3.26270	     0.000156
1282	      3.27539	     0.000122
1283	      3.28809	     0.000098
1284	      3.30078	     0.000084
1285	      3.31348	     0.000080
1286	      3.32617	     0.000086
1287	      3.33887	     0.000101
1288	      3.35156	     0.000126
1289	      3.36426	     0.000160
1290	      3.37695	     0.000204
1291	      3.38965	     0.000259
1292	      3.40234	     0.000322
1293	      3.41504	     0.000396
1294	      3.42773	     0.000480
1295	      3.44043	     0.000573
1296	      3.45313	     0.000676
1297	      3.46582	     0.000789
1298	      3.47852	     0.000912
1299	      3.49121	     0.001045
1300	      3.50391	     0.001187
1301	      3.51660	     0.001340
1302	      3.52930	     0.001502
1303	      3.54199	     0.001675
1304	      3.55469	     0.001857
1305	      3.56738	     0.002049
1306	      3.58008	     0.002251
1307	      3.59277	     0.002463
1308	      3.60547	     0.002685
1309	      3.61816	     0.002916
1310	      3.63086	     0.003158
1311	      3.64355	     0.003409
1312	      3.65625	     0.003670
1313	      3.66895	     0.003940
1314	      3.68164	     0.004221
1315	      3.69434	     0.004511
1316	      3.70703	     0.004810
1317	      3.71973	     0.005119
1318	      3.73242	     0.005438
1319	      3.74512	     0.005766
1320	      3.75781	     0.006104
1321	      3.77051	     0.006451
1322	      3.78320	     0.006808
1323	      3.79590	     0.007174
1324	      3.80859	     0.007550
1325	      3.82129	     0.007935
1326	      3.83398	     0.008329
1327	      3.84668	     0.008733
1328	      3.85938	     0.009146
1329	      3.87207	     0.009568
1330	      3.88477	     0.009999
1331	      3.89746	     0.010440
1332	      3.91016	     0.010890
1333	      3.92285	     0.011349
1334	      3.93555	     0.011817
1335	      3.94824	     0.012294
1336	      3.96094	     0.012780
1337	      3.97363	     0.013276
1338	      3.98633	     0.013780
1339	      3.99902	     0.014293
1340	      4.01172	     0.014815
1341	      4.02441	     0.015346
1342	      4.03711	     0.015885
1343	      4.04980	     0.016433
1344	      4.06250	     0.016989
1345	      4.07520	     0.017554
1346	      4.08789	     0.018128
1347	      4.10059	     0.018710
1348	      4.11328	     0.019300
1349	      4.12598	     0.019898
1350	      4.13867	     0.020505
1351	      4.15137	     0.021119
1352	      4.16406	     0.021742
1353	      4.17676	     0.022372
1354	      4.18945	     0.023011
1355	      4.20215	     0.023657
1356	      4.21484	     0.024311
1357	      4.22754	     0.024973
1358	      4.24023	     0.025643
1359	      4.25293	     0.026320
1360	      4.26563	     0.027004
1361	      4.27832	     0.027696
1362	      4.29102	     0.028396
1363	      4.30371	     0.029102
1364	      4.31641	     0.029816
1365	      4.32910	     0.030538
1366	      4.34180	     0.031266
1367	      4.35449	     0.032001
1368	      4.36719	     0.032744
1369	      4.37988	     0.033493
1370	      4.39258	     0.034249
1371	      4.40527	     0.035012
1372	      4.41797	     0.035781
1373	      4.43066	     0.036557
1374	      4.44336	     0.037339
1375	      4.45605	     0.038128
1376	      4.46875	     0.038922
1377	      4.48145	     0.039723
1378	      4.49414	     0.040530
1379	      4.50684	     0.041343
1380	      4.51953	     0.042162
1381	      4.53223	     0.042986
1382	      4.54492	     0.043816
1383	      4.55762	     0.044652
1384	      4.57031	     0.045493
1385	      4.58301	     0.046339
1386	      4.59570	     0.047191
1387	      4.60840	     0.048048
1388	      4.62109	     0.048910
1389	      4.63379	     0.049777
1390	      4.64648	     0.050648
1391	      4.65918	     0.051525
1392	      4.67188	     0.052406
1393	      4.68457	     0.053292
1394	      4.69727	     0.054183
1395	      4.70996	     0.055077
1396	      4.72266	     0.055976
1397	      4.73535	     0.056880
1398	      4.74805	     0.057787
1399	      4.76074	     0.058699
1400	      4.77344	     0.059614
1401	      4.78613	     0.060533
1402	      4.79883	     0.061456
1403	      4.81152	     0.062383
1404	      4.82422	     0.063313
1405	      4.83691	     0.064246
1406	      4.84961	     0.065182
1407	      4.86230	     0.066122
1408	      4.87500	     0.067064
1409	      4.88770	     0.068010
1410	      4.90039	     0.068958
1411	      4.91309	     0.069909
1412	      4.92578	     0.070862
1413	      4.93848	     0.071818
1414	      4.95117	     0.072776
1415	      4.96387	     0.073736
1416	      4.97656	     0.074699
1417	      4.98926	     0.075663
1418	      5.00195	     0.076629
1419	      5.01465	     0.077597
1420	      5.02734	     0.078566
1421	      5.04004	     0.079537
1422	      5.05273	     0.080510
1423	      5.06543	     0.081483
1424	      5.07813	     0.082458
1425	      5.09082	     0.083434
1426	      5.10352	     0.084411
1427	      5.11621	     0.085389
1428	      5.12891	     0.086367
1429	      5.14160	     0.087346
1430	      5.15430	     0.088325
1431	      5.16699	     0.089305
1432	      5.17969	     0.090285
1433	      5.19238	     0.091265
1434	      5.20508	     0.092245
1435	      5.21777	     0.093225
1436	      5.23047	     0.094205
1437	      5.24316	     0.095184
1438	      5.25586	     0.096163
1439	      5.26855	     0.097141
1440	      5.28125	     0.098119
1441	      5.29395	     0.099095
1442	      5.30664	     0.100071
1443	      5.31934	     0.101045
1444	      5.33203	     0.102019
1445	      5.34473	     0.102991
1446	      5.35742	     0.103961
1447	      5.37012	     0.104930
1448	      5.38281	     0.105897
1449	      5.39551	     0.106863
1450	      5.40820	     0.107826
1451	      5.42090	     0.108787
1452	      5.43359	     0.109747
1453	      5.44629	     0.110703
1454	      5.45898	     0.111658
1455	      5.47168	     0.112610
1456	      5.48438	     0.113559
1457	      5.49707	     0.114505
1458	      5.50977	     0.115449
1459	      5.52246	     0.116389
1460	      5.53516	     0.117327
1461	      5.54785	     0.118261
1462	      5.56055	     0.119192
1463	      5.57324	     0.120119
1464	      5.58594	     0.121042
1465	      5.59863	     0.121962
1466	      5.61133	     0.122878
1467	      5.62402	     0.123790
1468	      5.63672	     0.124698
1469	      5.64941	     0.125602
1470	      5.66211	     0.126502
1471	      5.67480	     0.127397
1472	      5.68750	     0.128287
1473	      5.70020	     0.129173
1474	      5.71289	     0.130054
1475	      5.72559	     0.130931
1476	      5.73828	     0.131802
1477	      5.75098	     0.132668
1478	      5.76367	     0.133530
1479	      5.77637	     0.134385
1480	      5.78906	     0.135236
1481	      5.80176	     0.136080
1482	      5.81445	     0.136920
1483	      5.82715	     0.137753
1484	      5.83984	     0.138580
1485	      5.85254	     0.139402
1486	      5.86523	     0.140217
1487	      5.87793	     0.141026
1488	      5.89063	     0.141829
1489	      5.90332	     0.142626
1490	      5.91602	     0.143415
1491	      5.92871	     0.144199
1492	      5.94141	     0.144975
1493	      5.95410	     0.145744
1494	      5.96680	     0.146507
1495	      5.97949	     0.147262
1496	      5.99219	     0.148011
1497	      6.00488	     0.148752
1498	      6.01758	     0.149485
1499	      6.03027	     0.150212
1500	      6.04297	     0.150930
1501	      6.05566	     0.151641
1502	      6.06836	     0.152345
1503	      6.08105	     0.153040
1504	      6.09375	     0.153728
1505	      6.10645	     0.154408
1506	      6.11914	     0.155079
1507	      6.13184	     0.155743
1508	      6.14453	     0.156398
1509	      6.15723	     0.157045
1510	      6.16992	     0.157683
1511	      6.18262	     0.158313
1512	      6.19531	     0.158934
1513	      6.20801	     0.159546
1514	      6.22070	     0.160150
1515	      6.23340	     0.160744
1516	      6.24609	     0.161330
1517	      6.25879	     0.161906
1518	      6.27148	     0.162474
1519	      6.28418	     0.163032
1520	      6.29688	     0.163580
1521	      6.30957	     0.164119
1522	      6.32227	     0.164649
1523	      6.33496	     0.165169
1524	      6.34766	     0.165679
1525	      6.36035	     0.166179
1526	      6.37305	     0.166669
1527	      6.38574	     0.167150
1528	      6.39844	     0.167621
1529	      6.41113	     0.168081
1530	      6.42383	     0.168532
1531	      6.43652	     0.168972
1532	      6.44922	     0.169402
1533	      6.46191	     0.169822
1534	      6.47461	     0.170231
1535	      6.48730	     0.170630
1536	      6.50000	     0.171019
1537	      6.51270	     0.171397
1538	      6.52539	     0.171764
1539	      6.53809	     0.172121
1540	      6.55078	     0.172467
1541	      6.56348	     0.172802
1542	      6.57617	     0.173127
1543	      6.58887	     0.173440
1544	      6.60156	     0.173743
1545	      6.61426	     0.174034
1546	      6.62695	     0.174315
1547	      6.63965	     0.174584
1548	      6.65234	     0.174842
1549	      6.66504	     0.175089
1550	      6.67773	     0.175324
1551	      6.69043	     0.175548
1552	      6.70313	     0.175761
1553	      6.71582	     0.175962
1554	      6.72852	     0.176151
1555	      6.74121	     0.176329
1556	      6.75391	     0.176495
1557	      6.76660	     0.176649
1558	      6.77930	     0.176792
1559	      6.79199	     0.176923
1560	      6.80469	     0.177043
1561	      6.81738	     0.177150
1562	      6.83008	     0.177246
1563	      6.84277	     0.177330
1564	      6.85547	     0.177403
1565	      6.86816	     0.177463
1566	      6.88086	     0.177512
1567	      6.89355	     0.177548
1568	      6.90625	     0.177573
1569	      6.91895	     0.177586
1570	      6.93164	     0.177587
1571	      6.94434	     0.177576
1572	      6.95703	     0.177552
1573	      6.96973	     0.177517
1574	      6.98242	     0.177470
1575	      6.99512	     0.177410
1576	      7.00781	     0.177339
1577	      7.02051	     0.177255
1578	      7.03320	     0.177160
1579	      7.04590	     0.177052
1580	      7.05859	     0.176931
1581	      7.07129	     0.176799
1582	      7.08398	     0.176654
1583	      7.09668	     0.176497
1584	      7.10938	     0.176328
1585	      7.12207	     0.176147
1586	      7.13477	     0.175953
1587	      7.14746	     0.175746
1588	      7.16016	     0.175528
1589	      7.17285	     0.175297
1590	      7.18555	     0.175054
1591	      7.19824	     0.174799
1592	      7.21094	     0.174532
1593	      7.22363	     0.174253
1594	      7.23633	     0.173961
1595	      7.24902	     0.173657
1596	      7.26172	     0.173341
1597	      7.27441	     0.173013
1598	      7.28711	     0.172673
1599	      7.29980	     0.172321
1600	      7.31250	     0.171956
1601	      7.32520	     0.171580
1602	      7.33789	     0.171192
1603	      7.35059	     0.170791
1604	      7.36328	     0.170379
1605	      7.37598	     0.169955
1606	      7.38867	     0.169518
1607	      7.40137	     0.169070
1608	      7.41406	     0.168610
1609	      7.42676	     0.168138
1610	      7.43945	     0.167654
1611	      7.45215	     0.167158
1612	      7.46484	     0.166650
1613	      7.47754	     0.166130
1614	      7.49023	     0.165599
1615	      7.50293	     0.165056
1616	      7.51563	     0.164501
1617	      7.52832	     0.163934
1618	      7.54102	     0.163356
1619	      7.55371	     0.162766
1620	      7.56641	     0.162164
1621	      7.57910	     0.161551
1622	      7.59180	     0.160927
1623	      7.60449	     0.160291
1624	      7.61719	     0.159643
1625	      7.62988	     0.158985
1626	      7.64258	     0.158315
1627	      7.65527	     0.157634
1628	      7.66797	     0.156942
1629	      7.68066	     0.156239
1630	      7.69336	     0.155525
1631	      7.70605	     0.154800
1632	      7.71875	     0.154064
1633	      7.73145	     0.153318
1634	      7.74414	     0.152560
1635	      7.75684	     0.151792
1636	      7.76953	     0.151013
1637	      7.78223	     0.150224
1638	      7.79492	     0.149424
1639	      7.80762	     0.148613
1640	      7.82031	     0.147792
1641	      7.83301	     0.146961
1642	      7.84570	     0.146119
1643	      7.85840	     0.145268
1644	      7.87109	     0.144406
1645	      7.88379	     0.143533
1646	      7.89648	     0.142651
1647	      7.90918	     0.141759
1648	      7.92188	     0.140856
1649	      7.93457	     0.139944
1650	      7.94727	     0.139022
1651	      7.95996	     0.138091
1652	      7.97266	     0.137150
1653	      7.98535	     0.136199
1654	      7.99805	     0.135239
1655	      8.01074	     0.134270
1656	      8.02344	     0.133291
1657	      8.03613	     0.132303
1658	      8.04883	     0.131307
1659	      8.06152	     0.130301
1660	      8.07422	     0.129286
1661	      8.08691	     0.128263
1662	      8.09961	     0.127231
1663	      8.11230	     0.126190
1664	      8.12500	     0.125141
1665	      8.13770	     0.124084
1666	      8.15039	     0.123018
1667	      8.16309	     0.121943
1668	      8.17578	     0.120861
1669	      8.18848	     0.119771
1670	      8.20117	     0.118673
1671	      8.21387	     0.117566
1672	      8.22656	     0.116452
1673	      8.23926	     0.115331
1674	      8.25195	     0.114201
1675	      8.26465	     0.113065
1676	      8.27734	     0.111920
1677	      8.29004	     0.110769
1678	      8.30273	     0.109610
1679	      8.31543	     0.108444
1680	      8.32813	     0.107271
1681	      8.34082	     0.106091
1682	      8.35352	     0.104904
1683	      8.36621	     0.103711
1684	      8.37891	     0.102511
1685	      8.39160	     0.101304
1686	      8.40430	     0.100092
1687	      8.41699	     0.098873
1688	      8.42969	     0.097647
1689	      8.44238	     0.096416
1690	      8.45508	     0.095179
1691	      8.46777	     0.093936
1692	      8.48047	     0.092688
1693	      8.49316	     0.091434
1694	      8.50586	     0.090174
1695	      8.51855	     0.088910
1696	      8.53125	     0.087640
1697	      8.54395	     0.086365
1698	      8.55664	     0.085085
1699	      8.56934	     0.083800
1700	      8.58203	     0.082510
1701	      8.59473	     0.081215
1702	      8.60742	     0.079917
1703	      8.62012	     0.078613
1704	      8.63281	     0.077306
1705	      8.64551	     0.075994
1706	      8.65820	     0.074678
1707	      8.67090	     0.073358
1708	      8.68359	     0.072034
1709	      8.69629	     0.070707
1710	      8.70898	     0.069376
1711	      8.72168	     0.068041
1712	      8.73438	     0.066703
1713	      8.74707	     0.065362
1714	      8.75977	     0.064018
1715	      8.77246	     0.062670
1716	      8.78516	     0.061320
1717	      8.79785	     0.059967
1718	      8.81055	     0.058612
1719	      8.82324	     0.057254
1720	      8.83594	     0.055893
1721	      8.84863	     0.054531
1722	      8.86133	     0.053166
1723	      8.87402	     0.051799
1724	      8.88672	     0.050431
1725	      8.89941	     0.049060
1726	      8.91211	     0.047688
1727	      8.92480	     0.046315
1728	      8.93750	     0.044940
1729	      8.95020	     0.043564
1730	      8.96289	     0.042187
1731	      8.97559	     0.040808
1732	      8.98828	     0.039429
1733	      9.00098	     0.038049
1734	      9.01367	     0.036669
1735	      9.02637	     0.035288
1736	      9.03906	     0.033907
1737	      9.05176	     0.032525
1738	      9.06445	     0.031143
1739	      9.07715	     0.029761
1740	      9.08984	     0.028380
1741	      9.10254	     0.026998
1742	      9.11523	     0.025617
1743	      9.12793	     0.024237
1744	      9.14063	     0.022857
1745	      9.15332	     0.021478
1746	      9.16602	     0.020100
1747	      9.17871	     0.018722
1748	      9.19141	     0.017346
1749	      9.20410	     0.015971
1750	      9.21680	     0.014597
1751	      9.22949	     0.013225
1752	      9.24219	     0.011855
1753	      9.25488	     0.010486
1754	      9.26758	     0.009119
1755	      9.28027	     0.007754
1756	      9.29297	     0.006391
1757	      9.30566	     0.005030
1758	      9.31836	     0.003672
1759	      9.33105	     0.002316
1760	      9.34375	     0.000962
1761	      9.35645	    -0.000389
1762	      9.36914	    -0.001736
1763	      9.38184	    -0.003081
1764	      9.39453	    -0.004423
1765	      9.40723	    -0.005762
1766	      9.41992	    -0.007097
1767	      9.43262	    -0.008429
1768	      9.44531	    -0.009758
1769	      9.45801	    -0.011082
1770	      9.47070	    -0.012403
1771	      9.48340	    -0.013720
1772	      9.49609	    -0.015033
1773	      9.50879	    -0.016342
1774	      9.52148	    -0.017646
1775	      9.53418	    -0.018946
1776	      9.54688	    -0.020242
1777	      9.55957	    -0.021533
1778	      9.57227	    -0.022820
1779	      9.58496	    -0.024101
1780	      9.59766	    -0.025378
1781	      9.61035	    -0.026650
1782	      9.62305	    -0.027916
1783	      9.63574	    -0.029178
1784	      9.64844	    -0.030434
1785	      9.66113	    -0.031684
1786	      9.67383	    -0.032929
1787	      9.68652	    -0.034169
1788	      9.69922	    -0.035403
1789	      9.71191	    -0.036630
1790	      9.72461	    -0.037852
1791	      9.73730	    -0.039068
1792	      9.75000	    -0.040277
1793	      9.76270	    -0.041480
1794	      9.77539	    -0.042677
1795	      9.78809	    -0.043867
1796	      9.80078	    -0.045051
1797	      9.81348	    -0.046228
1798	      9.82617	    -0.047398
1799	      9.83887	    -0.048561
1800	      9.85156	    -0.049717
1801	      9.86426	    -0.050866
1802	      9.87695	    -0.052007
1803	      9.88965	    -0.053142
1804	      9.90234	    -0.054268
1805	      9.91504	    -0.055388
1806	      9.92773	    -0.056499
1807	      9.94043	    -0.057603
1808	      9.95313	    -0.058699
1809	      9.96582	    -0.059788
1810	      9.97852	    -0.060868
1811	      9.99121	    -0.061940
1812	     10.00391	    -0.063004
1813	     10.01660	    -0.064060
1814	     10.02930	    -0.065108
1815	     10.04199	    -0.066147
1816	     10.05469	    -0.067178
1817	     10.06738	    -0.068201
1818	     10.08008	    -0.069215
1819	     10.09277	    -0.070220
1820	     10.10547	    -0.071216
1821	     10.11816	    -0.072204
1822	     10.13086	    -0.073182
1823	     10.14355	    -0.074152
1824	     10.15625	    -0.075112
1825	     10.16895	    -0.076063
1826	     10.18164	    -0.077005
1827	     10.19434	    -0.077938
1828	     10.20703	    -0.078861
1829	     10.21973	    -0.079775
1830	     10.23242	    -0.080679
1831	     10.24512	    -0.081574
1832	     10.25781	    -0.082458
1833	     10.27051	    -0.083333
1834	     10.28320	    -0.084198
1835	     10.29590	    -0.085053
1836	     10.30859	    -0.085898
1837	     10.32129	    -0.086733
1838	     10.33398	    -0.087558
1839	     10.34668	    -0.088373
1840	     10.35938	    -0.089178
1841	     10.37207	    -0.089972
1842	     10.38477	    -0.090756
1843	     10.39746	    -0.091530
1844	     10.41016	    -0.092293
1845	     10.42285	    -0.093046
1846	     10.43555	    -0.093788
1847	     10.44824	    -0.094520
1848	     10.46094	    -0.095241
1849	     10.47363	    -0.095952
1850	     10.48633	    -0.096652
1851	     10.49902	    -0.097341
1852	     10.51172	    -0.098019
1853	     10.52441	    -0.098687
1854	     10.53711	    -0.099344
1855	     10.54980	    -0.099990
1856	     10.56250	    -0.100624
1857	     10.57520	    -0.101248
1858	     10.58789	    -0.101861
1859	     10.60059	    -0.102463
1860	     10.61328	    -0.103053
1861	     10.62598	    -0.103632
1862	     10.63867	    -0.104200
1863	     10.65137	    -0.104757
1864	     10.66406	    -0.105302
1865	     10.67676	    -0.105836
1866	     10.68945	    -0.106358
1867	     10.70215	    -0.106869
1868	     10.71484	    -0.107369
1869	     10.72754	    -0.107857
1870	     10.74023	    -0.108334
1871	     10.75293	    -0.108799
1872	     10.76563	    -0.109253
1873	     10.77832	    -0.109696
1874	     10.79102	    -0.110126
1875	     10.80371	    -0.110546
1876	     10.81641	    -0.110953
1877	     10.82910	    -0.111350
1878	     10.84180	    -0.111734
1879	     10.85449	    -0.112108
1880	     10.86719	    -0.112469
1881	     10.87988	    -0.112819
1882	     10.89258	    -0.113158
1883	     10.90527	    -0.113485
1884	     10.91797	    -0.113800
1885	     10.93066	    -0.114104
1886	     10.94336	    -0.114396
1887	     10.95605	    -0.114676
1888	     10.96875	    -0.114945
1889	     10.98145	    -0.115202
1890	     10.99414	    -0.115447
1891	     11.00684	    -0.115681
1892	     11.01953	    -0.115903
1893	     11.03223	    -0.116113
1894	     11.04492	    -0.116311
1895	     11.05762	    -0.116498
1896	     11.07031	    -0.116673
1897	     11.08301	    -0.116837
1898	     11.09570	    -0.116988
1899	     11.10840	    -0.117128
1900	     11.12109	    -0.117257
1901	     11.13379	    -0.117374
1902	     11.14648	    -0.117479
1903	     11.15918	    -0.117573
1904	     11.17188	    -0.117655
1905	     11.18457	    -0.117726
1906	     11.19727	    -0.117785
1907	     11.20996	    -0.117833
1908	     11.22266	    -0.117869
1909	     11.23535	    -0.117894
1910	     11.24805	    -0.117907
1911	     11.26074	    -0.117910
1912	     11.27344	    -0.117901
1913	     11.28613	    -0.117880
1914	     11.29883	    -0.117849
1915	     11.31152	    -0.117806
1916	     11.32422	    -0.117752
1917	     11.33691	    -0.117687
1918	     11.34961	    -0.117610
1919	     11.36230	    -0.117523
1920	     11.37500	    -0.117424
1921	     11.38770	    -0.117315
1922	     11.40039	    -0.117194
1923	     11.41309	    -0.117062
1924	     11.42578	    -0.116919
1925	     11.43848	    -0.116765
1926	     11.45117	    -0.116601
1927	     11.46387	    -0.116425
1928	     11.47656	    -0.116239
1929	     11.48926	    -0.116041
1930	     11.50195	    -0.115833
1931	     11.51465	    -0.115615
1932	     11.52734	    -0.115386
1933	     11.54004	    -0.115146
1934	     11.55273	    -0.114895
1935	     11.56543	    -0.114635
1936	     11.57813	    -0.114363
1937	     11.59082	    -0.114082
1938	     11.60352	    -0.113790
1939	     11.61621	    -0.113488
1940	     11.62891	    -0.113176
1941	     11.64160	    -0.112854
1942	     11.65430	    -0.112522
1943	     11.66699	    -0.112180
1944	     11.67969	    -0.111828
1945	     11.69238	    -0.111466
1946	     11.70508	    -0.111094
1947	     11.71777	    -0.110713
1948	     11.73047	    -0.110322
1949	     11.74316	    -0.109921
1950	     11.75586	    -0.109511
1951	     11.76855	    -0.109091
1952	     11.78125	    -0.108662
1953	     11.79395	    -0.108223
1954	     11.80664	    -0.107775
1955	     11.81934	    -0.107318
1956	     11.83203	    -0.106852
1957	     11.84473	    -0.106376
1958	     11.85742	    -0.105892
1959	     11.87012	    -0.105398
1960	     11.88281	    -0.104896
1961	     11.89551	    -0.104384
1962	     11.90820	    -0.103864
1963	     11.92090	    -0.103336
1964	     11.93359	    -0.102799
1965	     11.94629	    -0.102253
1966	     11.95898	    -0.101699
1967	     11.97168	    -0.101136
1968	     11.98438	    -0.100566
1969	     11.99707	    -0.099987
1970	     12.00977	    -0.099400
1971	     12.02246	    -0.098805
1972	     12.03516	    -0.098202
1973	     12.04785	    -0.097592
1974	     12.06055	    -0.096974
1975	     12.07324	    -0.096348
1976	     12.08594	    -0.095714
1977	     12.09863	    -0.095073
1978	     12.11133	    -0.094425
1979	     12.12402	    -0.093769
1980	     12.13672	    -0.093107
1981	     12.14941	    -0.092437
1982	     12.16211	    -0.091760
1983	     12.17480	    -0.091076
1984	     12.18750	    -0.090385
1985	     12.20020	    -0.089687
1986	     12.21289	    -0.088983
1987	     12.22559	    -0.088272
1988	     12.23828	    -0.087555
1989	     12.25098	    -0.086831
1990	     12.26367	    -0.086100
1991	     12.27637	    -0.085364
1992	     12.28906	    -0.084621
1993	     12.30176	    -0.083872
1994	     12.31445	    -0.083117
1995	     12.32715	    -0.082357
1996	     12.33984	    -0.081591
1997	     12.35254	    -0.080819
1998	     12.36523	    -0.080041
1999	     12.37793	    -0.079258
2000	     12.39063	    -0.078470
2001	     12.40332	    -0.077676
2002	     12.41602	    -0.076877
2003	     12.42871	    -0.076073
2004	     12.44141	    -0.075265
2005	     12.45410	    -0.074451
2006	     12.46680	    -0.073633
2007	     12.47949	    -0.072810
2008	     12.49219	    -0.071982
2009	     12.50488	    -0.071150
2010	     12.51758	    -0.070314
2011	     12.53027	    -0.069473
2012	     12.54297	    -0.068628
2013	     12.55566	    -0.067779
2014	     12.56836	    -0.066926
2015	     12.58105	    -0.066069
2016	     12.59375	    -0.065209
2017	     12.60645	    -0.064345
2018	     12.61914	    -0.063477
2019	     12.63184	    -0.062606
2020	     12.64453	    -0.061731
2021	     12.65723	    -0.060854
2022	     12.66992	    -0.059973
2023	     12.68262	    -0.059089
2024	     12.69531	    -0.058202
2025	     12.70801	    -0.057312
2026	     12.72070	    -0.056420
2027	     12.73340	    -0.055524
2028	     12.74609	    -0.054627
2029	     12.75879	    -0.053727
2030	     12.77148	    -0.052824
2031	     12.78418	    -0.051920
2032	     12.79688	    -0.051013
2033	     12.80957	    -0.050104
2034	     12.82227	    -0.049193
2035	     12.83496	    -0.048281
2036	     12.84766	    -0.047367
2037	     12.86035	    -0.046451
2038	     12.87305	    -0.045534
2039	     12.88574	    -0.044615
2040	     12.89844	    -0.043695
2041	     12.91113	    -0.042774
2042	     12.92383	    -0.041852
2043	     12.93652	    -0.040929
2044	     12.94922	    -0.040005
2045	     12.96191	    -0.039080
2046	     12.97461	    -0.038154
2047	     12.98730	    -0.037228
2048	     13.00000	    -0.036302
