Listing of PSF Data

File : C:\Users\Ondrej\Documents\Zemax\Projects\Nutation\Collimator_messing.ZMX
Title:
Date : 8/22/2020
Configuration 2 of 2

Data Type      : Imaginary X Section, Center Row
Field          : 0.0000 (deg)
Wavelength     : 0.980000 µm
Pupil grid size: 256 by 256
Image grid size: 512 by 512
Values are not normalized.
Position values are in the X direction.

Data	Position		 Value
  0	   -120.00000	    -0.001316
  1	   -119.76563	    -0.001083
  2	   -119.53125	    -0.000841
  3	   -119.29688	    -0.000592
  4	   -119.06250	    -0.000339
  5	   -118.82813	    -0.000084
  6	   -118.59375	     0.000170
  7	   -118.35938	     0.000419
  8	   -118.12500	     0.000661
  9	   -117.89063	     0.000894
 10	   -117.65625	     0.001115
 11	   -117.42188	     0.001320
 12	   -117.18750	     0.001508
 13	   -116.95313	     0.001677
 14	   -116.71875	     0.001825
 15	   -116.48438	     0.001950
 16	   -116.25000	     0.002051
 17	   -116.01563	     0.002126
 18	   -115.78125	     0.002175
 19	   -115.54688	     0.002198
 20	   -115.31250	     0.002194
 21	   -115.07813	     0.002162
 22	   -114.84375	     0.002104
 23	   -114.60938	     0.002021
 24	   -114.37500	     0.001913
 25	   -114.14063	     0.001781
 26	   -113.90625	     0.001628
 27	   -113.67188	     0.001455
 28	   -113.43750	     0.001264
 29	   -113.20313	     0.001057
 30	   -112.96875	     0.000838
 31	   -112.73438	     0.000609
 32	   -112.50000	     0.000371
 33	   -112.26563	     0.000129
 34	   -112.03125	    -0.000114
 35	   -111.79688	    -0.000357
 36	   -111.56250	    -0.000594
 37	   -111.32813	    -0.000825
 38	   -111.09375	    -0.001045
 39	   -110.85938	    -0.001252
 40	   -110.62500	    -0.001444
 41	   -110.39063	    -0.001618
 42	   -110.15625	    -0.001771
 43	   -109.92188	    -0.001901
 44	   -109.68750	    -0.002007
 45	   -109.45313	    -0.002088
 46	   -109.21875	    -0.002141
 47	   -108.98438	    -0.002166
 48	   -108.75000	    -0.002163
 49	   -108.51563	    -0.002130
 50	   -108.28125	    -0.002070
 51	   -108.04688	    -0.001980
 52	   -107.81250	    -0.001863
 53	   -107.57813	    -0.001719
 54	   -107.34375	    -0.001550
 55	   -107.10938	    -0.001357
 56	   -106.87500	    -0.001144
 57	   -106.64063	    -0.000911
 58	   -106.40625	    -0.000660
 59	   -106.17188	    -0.000396
 60	   -105.93750	    -0.000121
 61	   -105.70313	     0.000162
 62	   -105.46875	     0.000450
 63	   -105.23438	     0.000739
 64	   -105.00000	     0.001026
 65	   -104.76563	     0.001309
 66	   -104.53125	     0.001583
 67	   -104.29688	     0.001845
 68	   -104.06250	     0.002092
 69	   -103.82813	     0.002321
 70	   -103.59375	     0.002529
 71	   -103.35938	     0.002714
 72	   -103.12500	     0.002873
 73	   -102.89063	     0.003004
 74	   -102.65625	     0.003105
 75	   -102.42188	     0.003175
 76	   -102.18750	     0.003213
 77	   -101.95313	     0.003217
 78	   -101.71875	     0.003188
 79	   -101.48438	     0.003124
 80	   -101.25000	     0.003027
 81	   -101.01563	     0.002898
 82	   -100.78125	     0.002737
 83	   -100.54688	     0.002546
 84	   -100.31250	     0.002326
 85	   -100.07813	     0.002080
 86	    -99.84375	     0.001810
 87	    -99.60938	     0.001520
 88	    -99.37500	     0.001212
 89	    -99.14063	     0.000888
 90	    -98.90625	     0.000554
 91	    -98.67188	     0.000212
 92	    -98.43750	    -0.000133
 93	    -98.20313	    -0.000479
 94	    -97.96875	    -0.000820
 95	    -97.73438	    -0.001154
 96	    -97.50000	    -0.001476
 97	    -97.26563	    -0.001783
 98	    -97.03125	    -0.002070
 99	    -96.79688	    -0.002335
100	    -96.56250	    -0.002574
101	    -96.32813	    -0.002785
102	    -96.09375	    -0.002965
103	    -95.85938	    -0.003111
104	    -95.62500	    -0.003221
105	    -95.39063	    -0.003293
106	    -95.15625	    -0.003326
107	    -94.92188	    -0.003321
108	    -94.68750	    -0.003276
109	    -94.45313	    -0.003191
110	    -94.21875	    -0.003066
111	    -93.98438	    -0.002903
112	    -93.75000	    -0.002703
113	    -93.51563	    -0.002469
114	    -93.28125	    -0.002201
115	    -93.04688	    -0.001902
116	    -92.81250	    -0.001576
117	    -92.57813	    -0.001225
118	    -92.34375	    -0.000855
119	    -92.10938	    -0.000467
120	    -91.87500	    -0.000067
121	    -91.64063	     0.000343
122	    -91.40625	     0.000756
123	    -91.17188	     0.001168
124	    -90.93750	     0.001576
125	    -90.70313	     0.001974
126	    -90.46875	     0.002358
127	    -90.23438	     0.002724
128	    -90.00000	     0.003067
129	    -89.76563	     0.003384
130	    -89.53125	     0.003671
131	    -89.29688	     0.003923
132	    -89.06250	     0.004139
133	    -88.82813	     0.004316
134	    -88.59375	     0.004451
135	    -88.35938	     0.004542
136	    -88.12500	     0.004586
137	    -87.89063	     0.004585
138	    -87.65625	     0.004538
139	    -87.42188	     0.004444
140	    -87.18750	     0.004303
141	    -86.95313	     0.004116
142	    -86.71875	     0.003886
143	    -86.48438	     0.003615
144	    -86.25000	     0.003305
145	    -86.01563	     0.002958
146	    -85.78125	     0.002578
147	    -85.54688	     0.002169
148	    -85.31250	     0.001735
149	    -85.07813	     0.001281
150	    -84.84375	     0.000811
151	    -84.60938	     0.000329
152	    -84.37500	    -0.000158
153	    -84.14063	    -0.000647
154	    -83.90625	    -0.001130
155	    -83.67188	    -0.001605
156	    -83.43750	    -0.002064
157	    -83.20313	    -0.002503
158	    -82.96875	    -0.002918
159	    -82.73438	    -0.003304
160	    -82.50000	    -0.003657
161	    -82.26563	    -0.003971
162	    -82.03125	    -0.004243
163	    -81.79688	    -0.004471
164	    -81.56250	    -0.004653
165	    -81.32813	    -0.004785
166	    -81.09375	    -0.004864
167	    -80.85938	    -0.004891
168	    -80.62500	    -0.004864
169	    -80.39063	    -0.004785
170	    -80.15625	    -0.004653
171	    -79.92188	    -0.004469
172	    -79.68750	    -0.004233
173	    -79.45313	    -0.003951
174	    -79.21875	    -0.003623
175	    -78.98438	    -0.003254
176	    -78.75000	    -0.002846
177	    -78.51563	    -0.002404
178	    -78.28125	    -0.001932
179	    -78.04688	    -0.001437
180	    -77.81250	    -0.000922
181	    -77.57813	    -0.000394
182	    -77.34375	     0.000142
183	    -77.10938	     0.000680
184	    -76.87500	     0.001214
185	    -76.64063	     0.001738
186	    -76.40625	     0.002246
187	    -76.17188	     0.002732
188	    -75.93750	     0.003191
189	    -75.70313	     0.003618
190	    -75.46875	     0.004007
191	    -75.23438	     0.004354
192	    -75.00000	     0.004654
193	    -74.76563	     0.004903
194	    -74.53125	     0.005100
195	    -74.29688	     0.005240
196	    -74.06250	     0.005323
197	    -73.82813	     0.005345
198	    -73.59375	     0.005306
199	    -73.35938	     0.005206
200	    -73.12500	     0.005047
201	    -72.89063	     0.004829
202	    -72.65625	     0.004554
203	    -72.42188	     0.004222
204	    -72.18750	     0.003840
205	    -71.95313	     0.003410
206	    -71.71875	     0.002936
207	    -71.48438	     0.002424
208	    -71.25000	     0.001877
209	    -71.01563	     0.001302
210	    -70.78125	     0.000706
211	    -70.54688	     0.000095
212	    -70.31250	    -0.000525
213	    -70.07813	    -0.001147
214	    -69.84375	    -0.001765
215	    -69.60938	    -0.002370
216	    -69.37500	    -0.002958
217	    -69.14063	    -0.003519
218	    -68.90625	    -0.004049
219	    -68.67188	    -0.004540
220	    -68.43750	    -0.004987
221	    -68.20313	    -0.005386
222	    -67.96875	    -0.005730
223	    -67.73438	    -0.006014
224	    -67.50000	    -0.006235
225	    -67.26563	    -0.006390
226	    -67.03125	    -0.006478
227	    -66.79688	    -0.006495
228	    -66.56250	    -0.006440
229	    -66.32813	    -0.006312
230	    -66.09375	    -0.006114
231	    -65.85938	    -0.005846
232	    -65.62500	    -0.005510
233	    -65.39063	    -0.005109
234	    -65.15625	    -0.004645
235	    -64.92188	    -0.004124
236	    -64.68750	    -0.003551
237	    -64.45313	    -0.002932
238	    -64.21875	    -0.002271
239	    -63.98438	    -0.001576
240	    -63.75000	    -0.000855
241	    -63.51563	    -0.000114
242	    -63.28125	     0.000638
243	    -63.04688	     0.001394
244	    -62.81250	     0.002145
245	    -62.57813	     0.002883
246	    -62.34375	     0.003600
247	    -62.10938	     0.004287
248	    -61.87500	     0.004938
249	    -61.64063	     0.005543
250	    -61.40625	     0.006096
251	    -61.17188	     0.006591
252	    -60.93750	     0.007021
253	    -60.70313	     0.007381
254	    -60.46875	     0.007665
255	    -60.23438	     0.007868
256	    -60.00000	     0.007990
257	    -59.76563	     0.008027
258	    -59.53125	     0.007977
259	    -59.29688	     0.007839
260	    -59.06250	     0.007612
261	    -58.82813	     0.007299
262	    -58.59375	     0.006903
263	    -58.35938	     0.006426
264	    -58.12500	     0.005871
265	    -57.89063	     0.005243
266	    -57.65625	     0.004548
267	    -57.42188	     0.003794
268	    -57.18750	     0.002986
269	    -56.95313	     0.002134
270	    -56.71875	     0.001243
271	    -56.48438	     0.000324
272	    -56.25000	    -0.000613
273	    -56.01563	    -0.001559
274	    -55.78125	    -0.002504
275	    -55.54688	    -0.003438
276	    -55.31250	    -0.004352
277	    -55.07813	    -0.005235
278	    -54.84375	    -0.006078
279	    -54.60938	    -0.006870
280	    -54.37500	    -0.007603
281	    -54.14063	    -0.008267
282	    -53.90625	    -0.008857
283	    -53.67188	    -0.009365
284	    -53.43750	    -0.009783
285	    -53.20313	    -0.010105
286	    -52.96875	    -0.010327
287	    -52.73438	    -0.010446
288	    -52.50000	    -0.010461
289	    -52.26563	    -0.010368
290	    -52.03125	    -0.010166
291	    -51.79688	    -0.009855
292	    -51.56250	    -0.009439
293	    -51.32813	    -0.008922
294	    -51.09375	    -0.008307
295	    -50.85938	    -0.007597
296	    -50.62500	    -0.006800
297	    -50.39063	    -0.005923
298	    -50.15625	    -0.004975
299	    -49.92188	    -0.003965
300	    -49.68750	    -0.002903
301	    -49.45313	    -0.001798
302	    -49.21875	    -0.000661
303	    -48.98438	     0.000494
304	    -48.75000	     0.001656
305	    -48.51563	     0.002812
306	    -48.28125	     0.003950
307	    -48.04688	     0.005059
308	    -47.81250	     0.006126
309	    -47.57813	     0.007138
310	    -47.34375	     0.008084
311	    -47.10938	     0.008951
312	    -46.87500	     0.009730
313	    -46.64063	     0.010412
314	    -46.40625	     0.010989
315	    -46.17188	     0.011450
316	    -45.93750	     0.011789
317	    -45.70313	     0.012000
318	    -45.46875	     0.012080
319	    -45.23438	     0.012027
320	    -45.00000	     0.011837
321	    -44.76563	     0.011509
322	    -44.53125	     0.011044
323	    -44.29688	     0.010445
324	    -44.06250	     0.009718
325	    -43.82813	     0.008868
326	    -43.59375	     0.007900
327	    -43.35938	     0.006820
328	    -43.12500	     0.005640
329	    -42.89063	     0.004371
330	    -42.65625	     0.003025
331	    -42.42188	     0.001614
332	    -42.18750	     0.000150
333	    -41.95313	    -0.001352
334	    -41.71875	    -0.002875
335	    -41.48438	    -0.004405
336	    -41.25000	    -0.005925
337	    -41.01563	    -0.007420
338	    -40.78125	    -0.008874
339	    -40.54688	    -0.010270
340	    -40.31250	    -0.011593
341	    -40.07813	    -0.012827
342	    -39.84375	    -0.013955
343	    -39.60938	    -0.014966
344	    -39.37500	    -0.015847
345	    -39.14063	    -0.016586
346	    -38.90625	    -0.017172
347	    -38.67188	    -0.017592
348	    -38.43750	    -0.017839
349	    -38.20313	    -0.017910
350	    -37.96875	    -0.017800
351	    -37.73438	    -0.017504
352	    -37.50000	    -0.017020
353	    -37.26563	    -0.016346
354	    -37.03125	    -0.015489
355	    -36.79688	    -0.014454
356	    -36.56250	    -0.013246
357	    -36.32813	    -0.011871
358	    -36.09375	    -0.010337
359	    -35.85938	    -0.008659
360	    -35.62500	    -0.006851
361	    -35.39063	    -0.004929
362	    -35.15625	    -0.002906
363	    -34.92188	    -0.000799
364	    -34.68750	     0.001372
365	    -34.45313	     0.003586
366	    -34.21875	     0.005821
367	    -33.98438	     0.008056
368	    -33.75000	     0.010271
369	    -33.51563	     0.012443
370	    -33.28125	     0.014549
371	    -33.04688	     0.016567
372	    -32.81250	     0.018473
373	    -32.57813	     0.020246
374	    -32.34375	     0.021865
375	    -32.10938	     0.023313
376	    -31.87500	     0.024569
377	    -31.64063	     0.025617
378	    -31.40625	     0.026437
379	    -31.17188	     0.027015
380	    -30.93750	     0.027342
381	    -30.70313	     0.027410
382	    -30.46875	     0.027207
383	    -30.23438	     0.026726
384	    -30.00000	     0.025962
385	    -29.76563	     0.024917
386	    -29.53125	     0.023595
387	    -29.29688	     0.021999
388	    -29.06250	     0.020132
389	    -28.82813	     0.018002
390	    -28.59375	     0.015623
391	    -28.35938	     0.013012
392	    -28.12500	     0.010186
393	    -27.89063	     0.007161
394	    -27.65625	     0.003956
395	    -27.42188	     0.000596
396	    -27.18750	    -0.002890
397	    -26.95313	    -0.006476
398	    -26.71875	    -0.010134
399	    -26.48438	    -0.013836
400	    -26.25000	    -0.017550
401	    -26.01563	    -0.021243
402	    -25.78125	    -0.024881
403	    -25.54688	    -0.028430
404	    -25.31250	    -0.031859
405	    -25.07813	    -0.035133
406	    -24.84375	    -0.038220
407	    -24.60938	    -0.041088
408	    -24.37500	    -0.043704
409	    -24.14063	    -0.046035
410	    -23.90625	    -0.048055
411	    -23.67188	    -0.049737
412	    -23.43750	    -0.051057
413	    -23.20313	    -0.051992
414	    -22.96875	    -0.052515
415	    -22.73438	    -0.052609
416	    -22.50000	    -0.052262
417	    -22.26563	    -0.051464
418	    -22.03125	    -0.050203
419	    -21.79688	    -0.048471
420	    -21.56250	    -0.046260
421	    -21.32813	    -0.043575
422	    -21.09375	    -0.040425
423	    -20.85938	    -0.036816
424	    -20.62500	    -0.032754
425	    -20.39063	    -0.028251
426	    -20.15625	    -0.023327
427	    -19.92188	    -0.018007
428	    -19.68750	    -0.012317
429	    -19.45313	    -0.006280
430	    -19.21875	     0.000077
431	    -18.98438	     0.006718
432	    -18.75000	     0.013605
433	    -18.51563	     0.020697
434	    -18.28125	     0.027955
435	    -18.04688	     0.035339
436	    -17.81250	     0.042805
437	    -17.57813	     0.050304
438	    -17.34375	     0.057788
439	    -17.10938	     0.065208
440	    -16.87500	     0.072517
441	    -16.64063	     0.079665
442	    -16.40625	     0.086603
443	    -16.17188	     0.093281
444	    -15.93750	     0.099650
445	    -15.70313	     0.105660
446	    -15.46875	     0.111264
447	    -15.23438	     0.116419
448	    -15.00000	     0.121080
449	    -14.76563	     0.125206
450	    -14.53125	     0.128754
451	    -14.29688	     0.131683
452	    -14.06250	     0.133963
453	    -13.82813	     0.135563
454	    -13.59375	     0.136454
455	    -13.35938	     0.136607
456	    -13.12500	     0.135994
457	    -12.89063	     0.134599
458	    -12.65625	     0.132412
459	    -12.42188	     0.129419
460	    -12.18750	     0.125611
461	    -11.95313	     0.120975
462	    -11.71875	     0.115514
463	    -11.48438	     0.109236
464	    -11.25000	     0.102148
465	    -11.01563	     0.094258
466	    -10.78125	     0.085575
467	    -10.54688	     0.076117
468	    -10.31250	     0.065910
469	    -10.07813	     0.054980
470	     -9.84375	     0.043355
471	     -9.60938	     0.031059
472	     -9.37500	     0.018126
473	     -9.14063	     0.004597
474	     -8.90625	    -0.009487
475	     -8.67188	    -0.024085
476	     -8.43750	    -0.039156
477	     -8.20313	    -0.054654
478	     -7.96875	    -0.070531
479	     -7.73438	    -0.086735
480	     -7.50000	    -0.103214
481	     -7.26563	    -0.119918
482	     -7.03125	    -0.136795
483	     -6.79688	    -0.153790
484	     -6.56250	    -0.170849
485	     -6.32813	    -0.187916
486	     -6.09375	    -0.204937
487	     -5.85938	    -0.221856
488	     -5.62500	    -0.238621
489	     -5.39063	    -0.255178
490	     -5.15625	    -0.271473
491	     -4.92188	    -0.287454
492	     -4.68750	    -0.303067
493	     -4.45313	    -0.318265
494	     -4.21875	    -0.333000
495	     -3.98438	    -0.347226
496	     -3.75000	    -0.360896
497	     -3.51563	    -0.373966
498	     -3.28125	    -0.386392
499	     -3.04688	    -0.398141
500	     -2.81250	    -0.409175
501	     -2.57813	    -0.419459
502	     -2.34375	    -0.428958
503	     -2.10938	    -0.437641
504	     -1.87500	    -0.445484
505	     -1.64063	    -0.452465
506	     -1.40625	    -0.458562
507	     -1.17188	    -0.463752
508	     -0.93750	    -0.468017
509	     -0.70313	    -0.471347
510	     -0.46875	    -0.473735
511	     -0.23438	    -0.475174
512	      0.00000	    -0.475655
513	      0.23438	    -0.475174
514	      0.46875	    -0.473735
515	      0.70313	    -0.471347
516	      0.93750	    -0.468017
517	      1.17188	    -0.463752
518	      1.40625	    -0.458562
519	      1.64063	    -0.452465
520	      1.87500	    -0.445484
521	      2.10938	    -0.437641
522	      2.34375	    -0.428958
523	      2.57813	    -0.419459
524	      2.81250	    -0.409175
525	      3.04688	    -0.398141
526	      3.28125	    -0.386392
527	      3.51563	    -0.373966
528	      3.75000	    -0.360896
529	      3.98438	    -0.347226
530	      4.21875	    -0.333000
531	      4.45313	    -0.318265
532	      4.68750	    -0.303067
533	      4.92188	    -0.287454
534	      5.15625	    -0.271473
535	      5.39063	    -0.255178
536	      5.62500	    -0.238621
537	      5.85938	    -0.221856
538	      6.09375	    -0.204937
539	      6.32813	    -0.187916
540	      6.56250	    -0.170849
541	      6.79688	    -0.153790
542	      7.03125	    -0.136795
543	      7.26563	    -0.119918
544	      7.50000	    -0.103214
545	      7.73438	    -0.086735
546	      7.96875	    -0.070531
547	      8.20313	    -0.054654
548	      8.43750	    -0.039156
549	      8.67188	    -0.024085
550	      8.90625	    -0.009487
551	      9.14063	     0.004597
552	      9.37500	     0.018126
553	      9.60938	     0.031059
554	      9.84375	     0.043355
555	     10.07813	     0.054980
556	     10.31250	     0.065910
557	     10.54688	     0.076117
558	     10.78125	     0.085575
559	     11.01563	     0.094258
560	     11.25000	     0.102148
561	     11.48438	     0.109236
562	     11.71875	     0.115514
563	     11.95313	     0.120975
564	     12.18750	     0.125611
565	     12.42188	     0.129419
566	     12.65625	     0.132412
567	     12.89063	     0.134599
568	     13.12500	     0.135994
569	     13.35938	     0.136607
570	     13.59375	     0.136454
571	     13.82813	     0.135563
572	     14.06250	     0.133963
573	     14.29688	     0.131683
574	     14.53125	     0.128754
575	     14.76563	     0.125206
576	     15.00000	     0.121080
577	     15.23438	     0.116419
578	     15.46875	     0.111264
579	     15.70313	     0.105660
580	     15.93750	     0.099650
581	     16.17188	     0.093281
582	     16.40625	     0.086603
583	     16.64063	     0.079665
584	     16.87500	     0.072517
585	     17.10938	     0.065208
586	     17.34375	     0.057788
587	     17.57813	     0.050304
588	     17.81250	     0.042805
589	     18.04688	     0.035339
590	     18.28125	     0.027955
591	     18.51563	     0.020697
592	     18.75000	     0.013605
593	     18.98438	     0.006718
594	     19.21875	     0.000077
595	     19.45313	    -0.006280
596	     19.68750	    -0.012317
597	     19.92188	    -0.018007
598	     20.15625	    -0.023327
599	     20.39063	    -0.028251
600	     20.62500	    -0.032754
601	     20.85938	    -0.036816
602	     21.09375	    -0.040425
603	     21.32813	    -0.043575
604	     21.56250	    -0.046260
605	     21.79688	    -0.048471
606	     22.03125	    -0.050203
607	     22.26563	    -0.051464
608	     22.50000	    -0.052262
609	     22.73438	    -0.052609
610	     22.96875	    -0.052515
611	     23.20313	    -0.051992
612	     23.43750	    -0.051057
613	     23.67188	    -0.049737
614	     23.90625	    -0.048055
615	     24.14063	    -0.046035
616	     24.37500	    -0.043704
617	     24.60938	    -0.041088
618	     24.84375	    -0.038220
619	     25.07813	    -0.035133
620	     25.31250	    -0.031859
621	     25.54688	    -0.028430
622	     25.78125	    -0.024881
623	     26.01563	    -0.021243
624	     26.25000	    -0.017550
625	     26.48438	    -0.013836
626	     26.71875	    -0.010134
627	     26.95313	    -0.006476
628	     27.18750	    -0.002890
629	     27.42188	     0.000596
630	     27.65625	     0.003956
631	     27.89063	     0.007161
632	     28.12500	     0.010186
633	     28.35938	     0.013012
634	     28.59375	     0.015623
635	     28.82813	     0.018002
636	     29.06250	     0.020132
637	     29.29688	     0.021999
638	     29.53125	     0.023595
639	     29.76563	     0.024917
640	     30.00000	     0.025962
641	     30.23438	     0.026726
642	     30.46875	     0.027207
643	     30.70313	     0.027410
644	     30.93750	     0.027342
645	     31.17188	     0.027015
646	     31.40625	     0.026437
647	     31.64063	     0.025617
648	     31.87500	     0.024569
649	     32.10938	     0.023313
650	     32.34375	     0.021865
651	     32.57813	     0.020246
652	     32.81250	     0.018473
653	     33.04688	     0.016567
654	     33.28125	     0.014549
655	     33.51563	     0.012443
656	     33.75000	     0.010271
657	     33.98438	     0.008056
658	     34.21875	     0.005821
659	     34.45313	     0.003586
660	     34.68750	     0.001372
661	     34.92188	    -0.000799
662	     35.15625	    -0.002906
663	     35.39063	    -0.004929
664	     35.62500	    -0.006851
665	     35.85938	    -0.008659
666	     36.09375	    -0.010337
667	     36.32813	    -0.011871
668	     36.56250	    -0.013246
669	     36.79688	    -0.014454
670	     37.03125	    -0.015489
671	     37.26563	    -0.016346
672	     37.50000	    -0.017020
673	     37.73438	    -0.017504
674	     37.96875	    -0.017800
675	     38.20313	    -0.017910
676	     38.43750	    -0.017839
677	     38.67188	    -0.017592
678	     38.90625	    -0.017172
679	     39.14063	    -0.016586
680	     39.37500	    -0.015847
681	     39.60938	    -0.014966
682	     39.84375	    -0.013955
683	     40.07813	    -0.012827
684	     40.31250	    -0.011593
685	     40.54688	    -0.010270
686	     40.78125	    -0.008874
687	     41.01563	    -0.007420
688	     41.25000	    -0.005925
689	     41.48438	    -0.004405
690	     41.71875	    -0.002875
691	     41.95313	    -0.001352
692	     42.18750	     0.000150
693	     42.42188	     0.001614
694	     42.65625	     0.003025
695	     42.89063	     0.004371
696	     43.12500	     0.005640
697	     43.35938	     0.006820
698	     43.59375	     0.007900
699	     43.82813	     0.008868
700	     44.06250	     0.009718
701	     44.29688	     0.010445
702	     44.53125	     0.011044
703	     44.76563	     0.011509
704	     45.00000	     0.011837
705	     45.23438	     0.012027
706	     45.46875	     0.012080
707	     45.70313	     0.012000
708	     45.93750	     0.011789
709	     46.17188	     0.011450
710	     46.40625	     0.010989
711	     46.64063	     0.010412
712	     46.87500	     0.009730
713	     47.10938	     0.008951
714	     47.34375	     0.008084
715	     47.57813	     0.007138
716	     47.81250	     0.006126
717	     48.04688	     0.005059
718	     48.28125	     0.003950
719	     48.51563	     0.002812
720	     48.75000	     0.001656
721	     48.98438	     0.000494
722	     49.21875	    -0.000661
723	     49.45313	    -0.001798
724	     49.68750	    -0.002903
725	     49.92188	    -0.003965
726	     50.15625	    -0.004975
727	     50.39063	    -0.005923
728	     50.62500	    -0.006800
729	     50.85938	    -0.007597
730	     51.09375	    -0.008307
731	     51.32813	    -0.008922
732	     51.56250	    -0.009439
733	     51.79688	    -0.009855
734	     52.03125	    -0.010166
735	     52.26563	    -0.010368
736	     52.50000	    -0.010461
737	     52.73438	    -0.010446
738	     52.96875	    -0.010327
739	     53.20313	    -0.010105
740	     53.43750	    -0.009783
741	     53.67188	    -0.009365
742	     53.90625	    -0.008857
743	     54.14063	    -0.008267
744	     54.37500	    -0.007603
745	     54.60938	    -0.006870
746	     54.84375	    -0.006078
747	     55.07813	    -0.005235
748	     55.31250	    -0.004352
749	     55.54688	    -0.003438
750	     55.78125	    -0.002504
751	     56.01563	    -0.001559
752	     56.25000	    -0.000613
753	     56.48438	     0.000324
754	     56.71875	     0.001243
755	     56.95313	     0.002134
756	     57.18750	     0.002986
757	     57.42188	     0.003794
758	     57.65625	     0.004548
759	     57.89063	     0.005243
760	     58.12500	     0.005871
761	     58.35938	     0.006426
762	     58.59375	     0.006903
763	     58.82813	     0.007299
764	     59.06250	     0.007612
765	     59.29688	     0.007839
766	     59.53125	     0.007977
767	     59.76563	     0.008027
768	     60.00000	     0.007990
769	     60.23438	     0.007868
770	     60.46875	     0.007665
771	     60.70313	     0.007381
772	     60.93750	     0.007021
773	     61.17188	     0.006591
774	     61.40625	     0.006096
775	     61.64063	     0.005543
776	     61.87500	     0.004938
777	     62.10938	     0.004287
778	     62.34375	     0.003600
779	     62.57813	     0.002883
780	     62.81250	     0.002145
781	     63.04688	     0.001394
782	     63.28125	     0.000638
783	     63.51563	    -0.000114
784	     63.75000	    -0.000855
785	     63.98438	    -0.001576
786	     64.21875	    -0.002271
787	     64.45313	    -0.002932
788	     64.68750	    -0.003551
789	     64.92188	    -0.004124
790	     65.15625	    -0.004645
791	     65.39063	    -0.005109
792	     65.62500	    -0.005510
793	     65.85938	    -0.005846
794	     66.09375	    -0.006114
795	     66.32813	    -0.006312
796	     66.56250	    -0.006440
797	     66.79688	    -0.006495
798	     67.03125	    -0.006478
799	     67.26563	    -0.006390
800	     67.50000	    -0.006235
801	     67.73438	    -0.006014
802	     67.96875	    -0.005730
803	     68.20313	    -0.005386
804	     68.43750	    -0.004987
805	     68.67188	    -0.004540
806	     68.90625	    -0.004049
807	     69.14063	    -0.003519
808	     69.37500	    -0.002958
809	     69.60938	    -0.002370
810	     69.84375	    -0.001765
811	     70.07813	    -0.001147
812	     70.31250	    -0.000525
813	     70.54688	     0.000095
814	     70.78125	     0.000706
815	     71.01563	     0.001302
816	     71.25000	     0.001877
817	     71.48438	     0.002424
818	     71.71875	     0.002936
819	     71.95313	     0.003410
820	     72.18750	     0.003840
821	     72.42188	     0.004222
822	     72.65625	     0.004554
823	     72.89063	     0.004829
824	     73.12500	     0.005047
825	     73.35938	     0.005206
826	     73.59375	     0.005306
827	     73.82813	     0.005345
828	     74.06250	     0.005323
829	     74.29688	     0.005240
830	     74.53125	     0.005100
831	     74.76563	     0.004903
832	     75.00000	     0.004654
833	     75.23438	     0.004354
834	     75.46875	     0.004007
835	     75.70313	     0.003618
836	     75.93750	     0.003191
837	     76.17188	     0.002732
838	     76.40625	     0.002246
839	     76.64063	     0.001738
840	     76.87500	     0.001214
841	     77.10938	     0.000680
842	     77.34375	     0.000142
843	     77.57813	    -0.000394
844	     77.81250	    -0.000922
845	     78.04688	    -0.001437
846	     78.28125	    -0.001932
847	     78.51563	    -0.002404
848	     78.75000	    -0.002846
849	     78.98438	    -0.003254
850	     79.21875	    -0.003623
851	     79.45313	    -0.003951
852	     79.68750	    -0.004233
853	     79.92188	    -0.004469
854	     80.15625	    -0.004653
855	     80.39063	    -0.004785
856	     80.62500	    -0.004864
857	     80.85938	    -0.004891
858	     81.09375	    -0.004864
859	     81.32813	    -0.004785
860	     81.56250	    -0.004653
861	     81.79688	    -0.004471
862	     82.03125	    -0.004243
863	     82.26563	    -0.003971
864	     82.50000	    -0.003657
865	     82.73438	    -0.003304
866	     82.96875	    -0.002918
867	     83.20313	    -0.002503
868	     83.43750	    -0.002064
869	     83.67188	    -0.001605
870	     83.90625	    -0.001130
871	     84.14063	    -0.000647
872	     84.37500	    -0.000158
873	     84.60938	     0.000329
874	     84.84375	     0.000811
875	     85.07813	     0.001281
876	     85.31250	     0.001735
877	     85.54688	     0.002169
878	     85.78125	     0.002578
879	     86.01563	     0.002958
880	     86.25000	     0.003305
881	     86.48438	     0.003615
882	     86.71875	     0.003886
883	     86.95313	     0.004116
884	     87.18750	     0.004303
885	     87.42188	     0.004444
886	     87.65625	     0.004538
887	     87.89063	     0.004585
888	     88.12500	     0.004586
889	     88.35938	     0.004542
890	     88.59375	     0.004451
891	     88.82813	     0.004316
892	     89.06250	     0.004139
893	     89.29688	     0.003923
894	     89.53125	     0.003671
895	     89.76563	     0.003384
896	     90.00000	     0.003067
897	     90.23438	     0.002724
898	     90.46875	     0.002358
899	     90.70313	     0.001974
900	     90.93750	     0.001576
901	     91.17188	     0.001168
902	     91.40625	     0.000756
903	     91.64063	     0.000343
904	     91.87500	    -0.000067
905	     92.10938	    -0.000467
906	     92.34375	    -0.000855
907	     92.57813	    -0.001225
908	     92.81250	    -0.001576
909	     93.04688	    -0.001902
910	     93.28125	    -0.002201
911	     93.51563	    -0.002469
912	     93.75000	    -0.002703
913	     93.98438	    -0.002903
914	     94.21875	    -0.003066
915	     94.45313	    -0.003191
916	     94.68750	    -0.003276
917	     94.92188	    -0.003321
918	     95.15625	    -0.003326
919	     95.39063	    -0.003293
920	     95.62500	    -0.003221
921	     95.85938	    -0.003111
922	     96.09375	    -0.002965
923	     96.32813	    -0.002785
924	     96.56250	    -0.002574
925	     96.79688	    -0.002335
926	     97.03125	    -0.002070
927	     97.26563	    -0.001783
928	     97.50000	    -0.001476
929	     97.73438	    -0.001154
930	     97.96875	    -0.000820
931	     98.20313	    -0.000479
932	     98.43750	    -0.000133
933	     98.67188	     0.000212
934	     98.90625	     0.000554
935	     99.14063	     0.000888
936	     99.37500	     0.001212
937	     99.60938	     0.001520
938	     99.84375	     0.001810
939	    100.07813	     0.002080
940	    100.31250	     0.002326
941	    100.54688	     0.002546
942	    100.78125	     0.002737
943	    101.01563	     0.002898
944	    101.25000	     0.003027
945	    101.48438	     0.003124
946	    101.71875	     0.003188
947	    101.95313	     0.003217
948	    102.18750	     0.003213
949	    102.42188	     0.003175
950	    102.65625	     0.003105
951	    102.89063	     0.003004
952	    103.12500	     0.002873
953	    103.35938	     0.002714
954	    103.59375	     0.002529
955	    103.82813	     0.002321
956	    104.06250	     0.002092
957	    104.29688	     0.001845
958	    104.53125	     0.001583
959	    104.76563	     0.001309
960	    105.00000	     0.001026
961	    105.23438	     0.000739
962	    105.46875	     0.000450
963	    105.70313	     0.000162
964	    105.93750	    -0.000121
965	    106.17188	    -0.000396
966	    106.40625	    -0.000660
967	    106.64063	    -0.000911
968	    106.87500	    -0.001144
969	    107.10938	    -0.001357
970	    107.34375	    -0.001550
971	    107.57813	    -0.001719
972	    107.81250	    -0.001863
973	    108.04688	    -0.001980
974	    108.28125	    -0.002070
975	    108.51563	    -0.002130
976	    108.75000	    -0.002163
977	    108.98438	    -0.002166
978	    109.21875	    -0.002141
979	    109.45313	    -0.002088
980	    109.68750	    -0.002007
981	    109.92188	    -0.001901
982	    110.15625	    -0.001771
983	    110.39063	    -0.001618
984	    110.62500	    -0.001444
985	    110.85938	    -0.001252
986	    111.09375	    -0.001045
987	    111.32813	    -0.000825
988	    111.56250	    -0.000594
989	    111.79688	    -0.000357
990	    112.03125	    -0.000114
991	    112.26563	     0.000129
992	    112.50000	     0.000371
993	    112.73438	     0.000609
994	    112.96875	     0.000838
995	    113.20313	     0.001057
996	    113.43750	     0.001264
997	    113.67188	     0.001455
998	    113.90625	     0.001628
999	    114.14063	     0.001781
1000	    114.37500	     0.001913
1001	    114.60938	     0.002021
1002	    114.84375	     0.002104
1003	    115.07813	     0.002162
1004	    115.31250	     0.002194
1005	    115.54688	     0.002198
1006	    115.78125	     0.002175
1007	    116.01563	     0.002126
1008	    116.25000	     0.002051
1009	    116.48438	     0.001950
1010	    116.71875	     0.001825
1011	    116.95313	     0.001677
1012	    117.18750	     0.001508
1013	    117.42188	     0.001320
1014	    117.65625	     0.001115
1015	    117.89063	     0.000894
1016	    118.12500	     0.000661
1017	    118.35938	     0.000419
1018	    118.59375	     0.000170
1019	    118.82813	    -0.000084
1020	    119.06250	    -0.000339
1021	    119.29688	    -0.000592
1022	    119.53125	    -0.000841
1023	    119.76563	    -0.001083
1024	    120.00000	    -0.001316
